1-Wire/iButton Part Number: DS1922L
1-Wire/iButton Registration Number: 3B00000013C05C41
Mission in Progress?  true
SUTA Mission?  false
Waiting for Temperature Alarm?  false
Sample Rate:  Every 900 second(s)
Mission Start Time:  Sat Dec 17 16:49:01 CST 2011
Mission Sample Count:  6725
Roll Over Enabled?  false(no rollover occurred)
First Sample Timestamp:  Sat Dec 17 16:49:01 CST 2011
Total Mission Samples:  6725
Total Device Samples:  18683
Temperature Logging:  0.5 C
Temperature High Alarm:  disabled
Temperature Low Alarm:  disabled
Data Logging:  disabled
Data High Alarm:  disabled
Data Low Alarm:  disabled

Date/Time,Unit,Value
12/17/11 4:49:01 PM,C,8.157
12/17/11 5:04:01 PM,C,7.654
12/17/11 5:19:01 PM,C,7.654
12/17/11 5:34:01 PM,C,7.654
12/17/11 5:49:01 PM,C,7.152
12/17/11 6:04:01 PM,C,7.152
12/17/11 6:19:01 PM,C,7.152
12/17/11 6:34:01 PM,C,7.152
12/17/11 6:49:01 PM,C,7.152
12/17/11 7:04:01 PM,C,7.152
12/17/11 7:19:01 PM,C,7.152
12/17/11 7:34:01 PM,C,7.152
12/17/11 7:49:01 PM,C,7.152
12/17/11 8:04:01 PM,C,7.654
12/17/11 8:19:01 PM,C,7.654
12/17/11 8:34:01 PM,C,7.654
12/17/11 8:49:01 PM,C,7.654
12/17/11 9:04:01 PM,C,7.654
12/17/11 9:19:01 PM,C,7.654
12/17/11 9:34:01 PM,C,7.654
12/17/11 9:49:01 PM,C,7.152
12/17/11 10:04:01 PM,C,7.152
12/17/11 10:19:01 PM,C,7.152
12/17/11 10:34:01 PM,C,6.649
12/17/11 10:49:01 PM,C,7.152
12/17/11 11:04:01 PM,C,6.649
12/17/11 11:19:01 PM,C,6.649
12/17/11 11:34:01 PM,C,6.649
12/17/11 11:49:01 PM,C,7.152
12/18/11 12:04:01 AM,C,7.654
12/18/11 12:19:01 AM,C,8.157
12/18/11 12:34:01 AM,C,7.654
12/18/11 12:49:01 AM,C,8.157
12/18/11 1:04:01 AM,C,7.654
12/18/11 1:19:01 AM,C,7.654
12/18/11 1:34:01 AM,C,8.157
12/18/11 1:49:01 AM,C,8.66
12/18/11 2:04:01 AM,C,8.66
12/18/11 2:19:01 AM,C,9.162
12/18/11 2:34:01 AM,C,8.66
12/18/11 2:49:01 AM,C,8.66
12/18/11 3:04:01 AM,C,8.66
12/18/11 3:19:01 AM,C,7.654
12/18/11 3:34:01 AM,C,7.654
12/18/11 3:49:01 AM,C,7.654
12/18/11 4:04:01 AM,C,8.157
12/18/11 4:19:01 AM,C,7.654
12/18/11 4:34:01 AM,C,8.157
12/18/11 4:49:01 AM,C,9.162
12/18/11 5:04:01 AM,C,10.167
12/18/11 5:19:01 AM,C,10.167
12/18/11 5:34:01 AM,C,10.67
12/18/11 5:49:01 AM,C,10.167
12/18/11 6:04:01 AM,C,10.67
12/18/11 6:19:01 AM,C,11.172
12/18/11 6:34:01 AM,C,11.172
12/18/11 6:49:01 AM,C,11.674
12/18/11 7:04:01 AM,C,11.674
12/18/11 7:19:01 AM,C,12.176
12/18/11 7:34:01 AM,C,12.176
12/18/11 7:49:01 AM,C,12.176
12/18/11 8:04:01 AM,C,12.678
12/18/11 8:19:01 AM,C,12.678
12/18/11 8:34:01 AM,C,12.176
12/18/11 8:49:01 AM,C,12.678
12/18/11 9:04:01 AM,C,13.18
12/18/11 9:19:01 AM,C,13.18
12/18/11 9:34:01 AM,C,12.678
12/18/11 9:49:01 AM,C,12.678
12/18/11 10:04:01 AM,C,13.18
12/18/11 10:19:01 AM,C,13.18
12/18/11 10:34:01 AM,C,12.678
12/18/11 10:49:01 AM,C,13.18
12/18/11 11:04:01 AM,C,13.682
12/18/11 11:19:01 AM,C,13.18
12/18/11 11:34:01 AM,C,12.678
12/18/11 11:49:01 AM,C,13.18
12/18/11 12:04:01 PM,C,13.682
12/18/11 12:19:01 PM,C,14.685
12/18/11 12:34:01 PM,C,14.685
12/18/11 12:49:01 PM,C,14.685
12/18/11 1:04:01 PM,C,14.685
12/18/11 1:19:01 PM,C,14.685
12/18/11 1:34:01 PM,C,14.184
12/18/11 1:49:01 PM,C,14.184
12/18/11 2:04:01 PM,C,13.682
12/18/11 2:19:01 PM,C,14.685
12/18/11 2:34:01 PM,C,15.187
12/18/11 2:49:01 PM,C,14.184
12/18/11 3:04:01 PM,C,14.184
12/18/11 3:19:01 PM,C,13.682
12/18/11 3:34:01 PM,C,13.682
12/18/11 3:49:01 PM,C,13.682
12/18/11 4:04:01 PM,C,15.187
12/18/11 4:19:01 PM,C,14.685
12/18/11 4:34:01 PM,C,14.184
12/18/11 4:49:01 PM,C,15.187
12/18/11 5:04:01 PM,C,15.187
12/18/11 5:19:01 PM,C,14.184
12/18/11 5:34:01 PM,C,14.184
12/18/11 5:49:01 PM,C,13.682
12/18/11 6:04:01 PM,C,12.678
12/18/11 6:19:01 PM,C,12.678
12/18/11 6:34:01 PM,C,12.176
12/18/11 6:49:01 PM,C,12.176
12/18/11 7:04:01 PM,C,11.674
12/18/11 7:19:01 PM,C,12.176
12/18/11 7:34:01 PM,C,12.176
12/18/11 7:49:01 PM,C,12.176
12/18/11 8:04:01 PM,C,12.176
12/18/11 8:19:01 PM,C,11.674
12/18/11 8:34:01 PM,C,11.172
12/18/11 8:49:01 PM,C,10.67
12/18/11 9:04:01 PM,C,10.167
12/18/11 9:19:01 PM,C,10.67
12/18/11 9:34:01 PM,C,11.172
12/18/11 9:49:01 PM,C,10.67
12/18/11 10:04:01 PM,C,11.172
12/18/11 10:19:01 PM,C,10.67
12/18/11 10:34:01 PM,C,10.67
12/18/11 10:49:01 PM,C,10.67
12/18/11 11:04:01 PM,C,10.167
12/18/11 11:19:01 PM,C,10.167
12/18/11 11:34:01 PM,C,10.67
12/18/11 11:49:01 PM,C,10.67
12/19/11 12:04:01 AM,C,10.67
12/19/11 12:19:01 AM,C,11.172
12/19/11 12:34:01 AM,C,10.67
12/19/11 12:49:01 AM,C,10.67
12/19/11 1:04:01 AM,C,10.67
12/19/11 1:19:01 AM,C,9.665
12/19/11 1:34:01 AM,C,9.665
12/19/11 1:49:01 AM,C,8.66
12/19/11 2:04:01 AM,C,8.157
12/19/11 2:19:01 AM,C,7.654
12/19/11 2:34:01 AM,C,6.649
12/19/11 2:49:01 AM,C,6.649
12/19/11 3:04:01 AM,C,5.643
12/19/11 3:19:01 AM,C,4.636
12/19/11 3:34:01 AM,C,4.636
12/19/11 3:49:01 AM,C,5.14
12/19/11 4:04:01 AM,C,5.14
12/19/11 4:19:01 AM,C,5.643
12/19/11 4:34:01 AM,C,5.643
12/19/11 4:49:01 AM,C,3.126
12/19/11 5:04:01 AM,C,2.119
12/19/11 5:19:01 AM,C,1.616
12/19/11 5:34:01 AM,C,1.616
12/19/11 5:49:01 AM,C,1.112
12/19/11 6:04:01 AM,C,0.608
12/19/11 6:19:01 AM,C,0.104
12/19/11 6:34:01 AM,C,0.104
12/19/11 6:49:01 AM,C,0.104
12/19/11 7:04:01 AM,C,0.104
12/19/11 7:19:01 AM,C,0.104
12/19/11 7:34:01 AM,C,0.104
12/19/11 7:49:01 AM,C,0.104
12/19/11 8:04:01 AM,C,0.104
12/19/11 8:19:01 AM,C,0.608
12/19/11 8:34:01 AM,C,0.104
12/19/11 8:49:01 AM,C,0.104
12/19/11 9:04:01 AM,C,0.104
12/19/11 9:19:01 AM,C,0.104
12/19/11 9:34:01 AM,C,0.104
12/19/11 9:49:01 AM,C,0.104
12/19/11 10:04:01 AM,C,0.608
12/19/11 10:19:01 AM,C,0.608
12/19/11 10:34:01 AM,C,1.112
12/19/11 10:49:01 AM,C,1.616
12/19/11 11:04:01 AM,C,1.112
12/19/11 11:19:01 AM,C,1.616
12/19/11 11:34:01 AM,C,2.119
12/19/11 11:49:01 AM,C,2.119
12/19/11 12:04:01 PM,C,3.126
12/19/11 12:19:01 PM,C,2.623
12/19/11 12:34:01 PM,C,2.623
12/19/11 12:49:01 PM,C,4.133
12/19/11 1:04:01 PM,C,4.133
12/19/11 1:19:01 PM,C,4.636
12/19/11 1:34:01 PM,C,5.643
12/19/11 1:49:01 PM,C,5.14
12/19/11 2:04:01 PM,C,6.649
12/19/11 2:19:01 PM,C,8.157
12/19/11 2:34:01 PM,C,8.157
12/19/11 2:49:01 PM,C,6.649
12/19/11 3:04:01 PM,C,7.152
12/19/11 3:19:01 PM,C,5.14
12/19/11 3:34:01 PM,C,5.14
12/19/11 3:49:01 PM,C,5.14
12/19/11 4:04:01 PM,C,5.643
12/19/11 4:19:01 PM,C,5.14
12/19/11 4:34:01 PM,C,5.14
12/19/11 4:49:01 PM,C,5.14
12/19/11 5:04:01 PM,C,5.14
12/19/11 5:19:01 PM,C,5.14
12/19/11 5:34:01 PM,C,4.636
12/19/11 5:49:01 PM,C,4.636
12/19/11 6:04:01 PM,C,4.133
12/19/11 6:19:01 PM,C,4.133
12/19/11 6:34:01 PM,C,4.133
12/19/11 6:49:01 PM,C,3.63
12/19/11 7:04:01 PM,C,4.133
12/19/11 7:19:01 PM,C,4.133
12/19/11 7:34:01 PM,C,4.133
12/19/11 7:49:01 PM,C,4.133
12/19/11 8:04:01 PM,C,4.133
12/19/11 8:19:01 PM,C,3.63
12/19/11 8:34:01 PM,C,3.63
12/19/11 8:49:01 PM,C,3.63
12/19/11 9:04:01 PM,C,3.63
12/19/11 9:19:01 PM,C,3.63
12/19/11 9:34:01 PM,C,2.623
12/19/11 9:49:01 PM,C,2.623
12/19/11 10:04:01 PM,C,2.119
12/19/11 10:19:01 PM,C,2.119
12/19/11 10:34:01 PM,C,2.119
12/19/11 10:49:01 PM,C,2.119
12/19/11 11:04:01 PM,C,2.119
12/19/11 11:19:01 PM,C,2.119
12/19/11 11:34:01 PM,C,2.119
12/19/11 11:49:01 PM,C,2.119
12/20/11 12:04:01 AM,C,2.119
12/20/11 12:19:01 AM,C,2.119
12/20/11 12:34:01 AM,C,2.119
12/20/11 12:49:01 AM,C,2.119
12/20/11 1:04:01 AM,C,2.623
12/20/11 1:19:01 AM,C,2.623
12/20/11 1:34:01 AM,C,2.623
12/20/11 1:49:01 AM,C,2.119
12/20/11 2:04:01 AM,C,2.119
12/20/11 2:19:01 AM,C,2.119
12/20/11 2:34:01 AM,C,2.119
12/20/11 2:49:01 AM,C,1.616
12/20/11 3:04:01 AM,C,0.608
12/20/11 3:19:01 AM,C,0.104
12/20/11 3:34:01 AM,C,0.104
12/20/11 3:49:01 AM,C,0.104
12/20/11 4:04:01 AM,C,0.104
12/20/11 4:19:01 AM,C,-0.4
12/20/11 4:34:01 AM,C,-0.4
12/20/11 4:49:01 AM,C,-0.4
12/20/11 5:04:01 AM,C,-0.4
12/20/11 5:19:01 AM,C,-0.4
12/20/11 5:34:01 AM,C,-0.4
12/20/11 5:49:01 AM,C,-0.904
12/20/11 6:04:01 AM,C,-0.904
12/20/11 6:19:01 AM,C,-1.408
12/20/11 6:34:01 AM,C,-1.408
12/20/11 6:49:01 AM,C,-1.408
12/20/11 7:04:01 AM,C,-1.408
12/20/11 7:19:01 AM,C,-1.912
12/20/11 7:34:01 AM,C,-1.912
12/20/11 7:49:01 AM,C,-1.912
12/20/11 8:04:01 AM,C,-1.912
12/20/11 8:19:01 AM,C,-1.912
12/20/11 8:34:01 AM,C,-1.912
12/20/11 8:49:01 AM,C,-1.912
12/20/11 9:04:01 AM,C,-1.408
12/20/11 9:19:01 AM,C,-1.408
12/20/11 9:34:01 AM,C,-1.408
12/20/11 9:49:01 AM,C,-0.904
12/20/11 10:04:01 AM,C,-1.408
12/20/11 10:19:01 AM,C,-0.4
12/20/11 10:34:01 AM,C,-0.4
12/20/11 10:49:01 AM,C,0.608
12/20/11 11:04:01 AM,C,1.112
12/20/11 11:19:01 AM,C,0.608
12/20/11 11:34:01 AM,C,1.112
12/20/11 11:49:01 AM,C,1.112
12/20/11 12:04:01 PM,C,1.616
12/20/11 12:19:01 PM,C,3.126
12/20/11 12:34:01 PM,C,3.63
12/20/11 12:49:01 PM,C,6.146
12/20/11 1:04:01 PM,C,5.14
12/20/11 1:19:01 PM,C,8.157
12/20/11 1:34:01 PM,C,9.162
12/20/11 1:49:01 PM,C,7.654
12/20/11 2:04:01 PM,C,12.678
12/20/11 2:19:01 PM,C,13.682
12/20/11 2:34:01 PM,C,12.678
12/20/11 2:49:01 PM,C,12.678
12/20/11 3:04:01 PM,C,11.172
12/20/11 3:19:01 PM,C,8.66
12/20/11 3:34:01 PM,C,7.654
12/20/11 3:49:01 PM,C,7.654
12/20/11 4:04:01 PM,C,7.654
12/20/11 4:19:01 PM,C,7.152
12/20/11 4:34:01 PM,C,6.649
12/20/11 4:49:01 PM,C,6.649
12/20/11 5:04:01 PM,C,6.146
12/20/11 5:19:01 PM,C,5.14
12/20/11 5:34:01 PM,C,4.133
12/20/11 5:49:01 PM,C,3.126
12/20/11 6:04:01 PM,C,1.112
12/20/11 6:19:01 PM,C,0.104
12/20/11 6:34:01 PM,C,-0.4
12/20/11 6:49:01 PM,C,-1.408
12/20/11 7:04:01 PM,C,-1.912
12/20/11 7:19:01 PM,C,0.104
12/20/11 7:34:01 PM,C,0.104
12/20/11 7:49:01 PM,C,-0.904
12/20/11 8:04:01 PM,C,0.608
12/20/11 8:19:01 PM,C,-0.904
12/20/11 8:34:01 PM,C,-1.408
12/20/11 8:49:01 PM,C,-2.417
12/20/11 9:04:01 PM,C,-2.417
12/20/11 9:19:01 PM,C,-2.417
12/20/11 9:34:01 PM,C,-3.425
12/20/11 9:49:01 PM,C,-3.425
12/20/11 10:04:01 PM,C,-3.93
12/20/11 10:19:01 PM,C,-3.93
12/20/11 10:34:01 PM,C,-3.93
12/20/11 10:49:01 PM,C,-3.425
12/20/11 11:04:01 PM,C,-3.93
12/20/11 11:19:01 PM,C,-4.435
12/20/11 11:34:01 PM,C,-3.93
12/20/11 11:49:01 PM,C,-3.93
12/21/11 12:04:01 AM,C,-3.93
12/21/11 12:19:01 AM,C,-4.435
12/21/11 12:34:01 AM,C,-4.939
12/21/11 12:49:01 AM,C,-4.939
12/21/11 1:04:01 AM,C,-4.939
12/21/11 1:19:01 AM,C,-4.939
12/21/11 1:34:01 AM,C,-4.939
12/21/11 1:49:01 AM,C,-3.93
12/21/11 2:04:01 AM,C,-2.921
12/21/11 2:19:01 AM,C,-1.912
12/21/11 2:34:01 AM,C,-0.904
12/21/11 2:49:01 AM,C,-0.4
12/21/11 3:04:01 AM,C,0.104
12/21/11 3:19:01 AM,C,0.104
12/21/11 3:34:01 AM,C,-1.408
12/21/11 3:49:01 AM,C,0.104
12/21/11 4:04:01 AM,C,-2.417
12/21/11 4:19:01 AM,C,-2.417
12/21/11 4:34:01 AM,C,-1.912
12/21/11 4:49:01 AM,C,-1.912
12/21/11 5:04:01 AM,C,-2.921
12/21/11 5:19:01 AM,C,2.119
12/21/11 5:34:01 AM,C,1.616
12/21/11 5:49:01 AM,C,-1.408
12/21/11 6:04:01 AM,C,-2.417
12/21/11 6:19:01 AM,C,-2.921
12/21/11 6:34:01 AM,C,-3.425
12/21/11 6:49:01 AM,C,-1.912
12/21/11 7:04:01 AM,C,-2.417
12/21/11 7:19:01 AM,C,-0.4
12/21/11 7:34:01 AM,C,-2.417
12/21/11 7:49:01 AM,C,-1.408
12/21/11 8:04:01 AM,C,-1.408
12/21/11 8:19:01 AM,C,1.616
12/21/11 8:34:01 AM,C,3.126
12/21/11 8:49:01 AM,C,4.133
12/21/11 9:04:01 AM,C,4.636
12/21/11 9:19:01 AM,C,5.14
12/21/11 9:34:01 AM,C,5.643
12/21/11 9:49:01 AM,C,5.643
12/21/11 10:04:01 AM,C,6.146
12/21/11 10:19:01 AM,C,6.649
12/21/11 10:34:01 AM,C,7.152
12/21/11 10:49:01 AM,C,7.152
12/21/11 11:04:01 AM,C,7.654
12/21/11 11:19:01 AM,C,8.157
12/21/11 11:34:01 AM,C,8.157
12/21/11 11:49:01 AM,C,8.157
12/21/11 12:04:01 PM,C,8.66
12/21/11 12:19:01 PM,C,9.162
12/21/11 12:34:01 PM,C,9.162
12/21/11 12:49:01 PM,C,11.172
12/21/11 1:04:01 PM,C,9.665
12/21/11 1:19:01 PM,C,11.172
12/21/11 1:34:01 PM,C,12.176
12/21/11 1:49:01 PM,C,10.67
12/21/11 2:04:01 PM,C,13.682
12/21/11 2:19:01 PM,C,15.187
12/21/11 2:34:01 PM,C,15.187
12/21/11 2:49:01 PM,C,13.18
12/21/11 3:04:01 PM,C,12.176
12/21/11 3:19:01 PM,C,9.665
12/21/11 3:34:01 PM,C,9.162
12/21/11 3:49:01 PM,C,8.66
12/21/11 4:04:01 PM,C,8.66
12/21/11 4:19:01 PM,C,8.66
12/21/11 4:34:01 PM,C,8.157
12/21/11 4:49:01 PM,C,7.654
12/21/11 5:04:01 PM,C,7.152
12/21/11 5:19:01 PM,C,6.649
12/21/11 5:34:01 PM,C,6.649
12/21/11 5:49:01 PM,C,5.643
12/21/11 6:04:01 PM,C,5.14
12/21/11 6:19:01 PM,C,4.133
12/21/11 6:34:01 PM,C,2.119
12/21/11 6:49:01 PM,C,1.112
12/21/11 7:04:01 PM,C,0.104
12/21/11 7:19:01 PM,C,0.104
12/21/11 7:34:01 PM,C,-0.4
12/21/11 7:49:01 PM,C,-0.4
12/21/11 8:04:01 PM,C,0.104
12/21/11 8:19:01 PM,C,-0.904
12/21/11 8:34:01 PM,C,0.104
12/21/11 8:49:01 PM,C,0.104
12/21/11 9:04:01 PM,C,0.104
12/21/11 9:19:01 PM,C,-0.904
12/21/11 9:34:01 PM,C,0.104
12/21/11 9:49:01 PM,C,3.126
12/21/11 10:04:01 PM,C,3.63
12/21/11 10:19:01 PM,C,3.63
12/21/11 10:34:01 PM,C,2.623
12/21/11 10:49:01 PM,C,2.623
12/21/11 11:04:01 PM,C,3.126
12/21/11 11:19:01 PM,C,3.126
12/21/11 11:34:01 PM,C,3.126
12/21/11 11:49:01 PM,C,3.126
12/22/11 12:04:01 AM,C,3.126
12/22/11 12:19:01 AM,C,3.126
12/22/11 12:34:01 AM,C,3.126
12/22/11 12:49:01 AM,C,3.126
12/22/11 1:04:01 AM,C,2.623
12/22/11 1:19:01 AM,C,2.623
12/22/11 1:34:01 AM,C,2.623
12/22/11 1:49:01 AM,C,2.623
12/22/11 2:04:01 AM,C,2.119
12/22/11 2:19:01 AM,C,2.623
12/22/11 2:34:01 AM,C,2.623
12/22/11 2:49:01 AM,C,2.623
12/22/11 3:04:01 AM,C,2.623
12/22/11 3:19:01 AM,C,2.623
12/22/11 3:34:01 AM,C,2.119
12/22/11 3:49:01 AM,C,1.616
12/22/11 4:04:01 AM,C,1.616
12/22/11 4:19:01 AM,C,2.119
12/22/11 4:34:01 AM,C,1.616
12/22/11 4:49:01 AM,C,1.616
12/22/11 5:04:01 AM,C,1.616
12/22/11 5:19:01 AM,C,1.616
12/22/11 5:34:01 AM,C,2.119
12/22/11 5:49:01 AM,C,1.616
12/22/11 6:04:01 AM,C,2.119
12/22/11 6:19:01 AM,C,2.119
12/22/11 6:34:01 AM,C,2.119
12/22/11 6:49:01 AM,C,2.119
12/22/11 7:04:01 AM,C,2.119
12/22/11 7:19:01 AM,C,2.119
12/22/11 7:34:01 AM,C,2.119
12/22/11 7:49:01 AM,C,2.119
12/22/11 8:04:01 AM,C,2.119
12/22/11 8:19:01 AM,C,1.616
12/22/11 8:34:01 AM,C,2.119
12/22/11 8:49:01 AM,C,2.119
12/22/11 9:04:01 AM,C,2.119
12/22/11 9:19:01 AM,C,1.616
12/22/11 9:34:01 AM,C,1.616
12/22/11 9:49:01 AM,C,2.119
12/22/11 10:04:01 AM,C,2.623
12/22/11 10:19:01 AM,C,2.623
12/22/11 10:34:01 AM,C,2.623
12/22/11 10:49:01 AM,C,3.63
12/22/11 11:04:01 AM,C,4.133
12/22/11 11:19:01 AM,C,4.636
12/22/11 11:34:01 AM,C,4.133
12/22/11 11:49:01 AM,C,4.636
12/22/11 12:04:01 PM,C,4.636
12/22/11 12:19:01 PM,C,5.14
12/22/11 12:34:01 PM,C,4.636
12/22/11 12:49:01 PM,C,6.649
12/22/11 1:04:01 PM,C,5.643
12/22/11 1:19:01 PM,C,7.654
12/22/11 1:34:01 PM,C,8.66
12/22/11 1:49:01 PM,C,7.152
12/22/11 2:04:01 PM,C,12.678
12/22/11 2:19:01 PM,C,11.674
12/22/11 2:34:01 PM,C,11.674
12/22/11 2:49:01 PM,C,7.152
12/22/11 3:04:01 PM,C,6.649
12/22/11 3:19:01 PM,C,6.649
12/22/11 3:34:01 PM,C,6.146
12/22/11 3:49:01 PM,C,5.643
12/22/11 4:04:01 PM,C,5.643
12/22/11 4:19:01 PM,C,5.643
12/22/11 4:34:01 PM,C,5.14
12/22/11 4:49:01 PM,C,4.636
12/22/11 5:04:01 PM,C,4.133
12/22/11 5:19:01 PM,C,3.63
12/22/11 5:34:01 PM,C,3.126
12/22/11 5:49:01 PM,C,2.623
12/22/11 6:04:01 PM,C,2.119
12/22/11 6:19:01 PM,C,1.112
12/22/11 6:34:01 PM,C,0.608
12/22/11 6:49:01 PM,C,0.104
12/22/11 7:04:01 PM,C,-0.904
12/22/11 7:19:01 PM,C,-1.408
12/22/11 7:34:01 PM,C,-2.417
12/22/11 7:49:01 PM,C,-2.417
12/22/11 8:04:01 PM,C,-2.921
12/22/11 8:19:01 PM,C,-2.921
12/22/11 8:34:01 PM,C,-2.417
12/22/11 8:49:01 PM,C,-3.425
12/22/11 9:04:01 PM,C,-3.93
12/22/11 9:19:01 PM,C,-3.93
12/22/11 9:34:01 PM,C,-3.93
12/22/11 9:49:01 PM,C,-3.425
12/22/11 10:04:01 PM,C,-1.912
12/22/11 10:19:01 PM,C,-1.408
12/22/11 10:34:01 PM,C,-1.408
12/22/11 10:49:01 PM,C,-1.408
12/22/11 11:04:01 PM,C,-1.408
12/22/11 11:19:01 PM,C,-1.408
12/22/11 11:34:01 PM,C,-1.408
12/22/11 11:49:01 PM,C,-1.408
12/23/11 12:04:01 AM,C,-1.912
12/23/11 12:19:01 AM,C,-1.912
12/23/11 12:34:01 AM,C,-2.417
12/23/11 12:49:01 AM,C,-2.417
12/23/11 1:04:01 AM,C,-2.417
12/23/11 1:19:01 AM,C,-2.921
12/23/11 1:34:01 AM,C,-2.921
12/23/11 1:49:01 AM,C,-2.921
12/23/11 2:04:01 AM,C,-3.425
12/23/11 2:19:01 AM,C,-3.425
12/23/11 2:34:01 AM,C,-3.425
12/23/11 2:49:01 AM,C,-3.425
12/23/11 3:04:01 AM,C,-3.425
12/23/11 3:19:01 AM,C,-3.93
12/23/11 3:34:01 AM,C,-3.93
12/23/11 3:49:01 AM,C,-3.93
12/23/11 4:04:01 AM,C,-3.93
12/23/11 4:19:01 AM,C,-3.93
12/23/11 4:34:01 AM,C,-3.93
12/23/11 4:49:01 AM,C,-3.93
12/23/11 5:04:01 AM,C,-3.93
12/23/11 5:19:01 AM,C,-4.435
12/23/11 5:34:01 AM,C,-4.435
12/23/11 5:49:01 AM,C,-4.435
12/23/11 6:04:01 AM,C,-4.435
12/23/11 6:19:01 AM,C,-4.435
12/23/11 6:34:01 AM,C,-4.435
12/23/11 6:49:01 AM,C,-4.435
12/23/11 7:04:01 AM,C,-4.435
12/23/11 7:19:01 AM,C,-4.435
12/23/11 7:34:01 AM,C,-4.435
12/23/11 7:49:01 AM,C,-4.435
12/23/11 8:04:01 AM,C,-4.435
12/23/11 8:19:01 AM,C,-4.435
12/23/11 8:34:01 AM,C,-4.435
12/23/11 8:49:01 AM,C,-4.435
12/23/11 9:04:01 AM,C,-4.939
12/23/11 9:19:01 AM,C,-4.939
12/23/11 9:34:01 AM,C,-4.939
12/23/11 9:49:01 AM,C,-4.939
12/23/11 10:04:01 AM,C,-4.939
12/23/11 10:19:01 AM,C,-4.939
12/23/11 10:34:01 AM,C,-4.939
12/23/11 10:49:01 AM,C,-4.435
12/23/11 11:04:01 AM,C,-4.435
12/23/11 11:19:01 AM,C,-4.435
12/23/11 11:34:01 AM,C,-3.93
12/23/11 11:49:01 AM,C,-3.93
12/23/11 12:04:01 PM,C,-3.93
12/23/11 12:19:01 PM,C,-3.93
12/23/11 12:34:01 PM,C,-4.435
12/23/11 12:49:01 PM,C,-4.435
12/23/11 1:04:01 PM,C,-4.435
12/23/11 1:19:01 PM,C,-4.939
12/23/11 1:34:01 PM,C,-4.939
12/23/11 1:49:01 PM,C,-5.444
12/23/11 2:04:01 PM,C,-5.444
12/23/11 2:19:01 PM,C,-5.444
12/23/11 2:34:01 PM,C,-5.444
12/23/11 2:49:01 PM,C,-5.444
12/23/11 3:04:01 PM,C,-5.949
12/23/11 3:19:01 PM,C,-5.949
12/23/11 3:34:01 PM,C,-5.949
12/23/11 3:49:01 PM,C,-5.949
12/23/11 4:04:01 PM,C,-5.949
12/23/11 4:19:01 PM,C,-5.949
12/23/11 4:34:01 PM,C,-6.454
12/23/11 4:49:01 PM,C,-6.454
12/23/11 5:04:01 PM,C,-6.454
12/23/11 5:19:01 PM,C,-6.454
12/23/11 5:34:01 PM,C,-6.454
12/23/11 5:49:01 PM,C,-6.454
12/23/11 6:04:01 PM,C,-6.454
12/23/11 6:19:01 PM,C,-6.454
12/23/11 6:34:01 PM,C,-6.454
12/23/11 6:49:01 PM,C,-6.454
12/23/11 7:04:01 PM,C,-6.959
12/23/11 7:19:01 PM,C,-6.959
12/23/11 7:34:01 PM,C,-6.959
12/23/11 7:49:01 PM,C,-6.959
12/23/11 8:04:01 PM,C,-6.959
12/23/11 8:19:01 PM,C,-6.959
12/23/11 8:34:01 PM,C,-6.959
12/23/11 8:49:01 PM,C,-6.959
12/23/11 9:04:01 PM,C,-6.959
12/23/11 9:19:01 PM,C,-7.464
12/23/11 9:34:01 PM,C,-6.959
12/23/11 9:49:01 PM,C,-6.959
12/23/11 10:04:01 PM,C,-6.959
12/23/11 10:19:01 PM,C,-6.959
12/23/11 10:34:01 PM,C,-6.959
12/23/11 10:49:01 PM,C,-6.959
12/23/11 11:04:01 PM,C,-7.464
12/23/11 11:19:01 PM,C,-7.464
12/23/11 11:34:01 PM,C,-7.464
12/23/11 11:49:01 PM,C,-7.464
12/24/11 12:04:01 AM,C,-7.464
12/24/11 12:19:01 AM,C,-7.464
12/24/11 12:34:01 AM,C,-7.464
12/24/11 12:49:01 AM,C,-7.464
12/24/11 1:04:01 AM,C,-6.959
12/24/11 1:19:01 AM,C,-6.959
12/24/11 1:34:01 AM,C,-6.959
12/24/11 1:49:01 AM,C,-6.959
12/24/11 2:04:01 AM,C,-6.959
12/24/11 2:19:01 AM,C,-6.959
12/24/11 2:34:01 AM,C,-6.959
12/24/11 2:49:01 AM,C,-6.959
12/24/11 3:04:01 AM,C,-6.959
12/24/11 3:19:01 AM,C,-6.959
12/24/11 3:34:01 AM,C,-6.959
12/24/11 3:49:01 AM,C,-6.959
12/24/11 4:04:01 AM,C,-6.959
12/24/11 4:19:01 AM,C,-6.454
12/24/11 4:34:01 AM,C,-6.454
12/24/11 4:49:01 AM,C,-6.454
12/24/11 5:04:01 AM,C,-6.454
12/24/11 5:19:01 AM,C,-6.454
12/24/11 5:34:01 AM,C,-6.454
12/24/11 5:49:01 AM,C,-6.454
12/24/11 6:04:01 AM,C,-6.454
12/24/11 6:19:01 AM,C,-6.454
12/24/11 6:34:01 AM,C,-6.454
12/24/11 6:49:01 AM,C,-6.454
12/24/11 7:04:01 AM,C,-6.454
12/24/11 7:19:01 AM,C,-6.454
12/24/11 7:34:01 AM,C,-6.454
12/24/11 7:49:01 AM,C,-5.949
12/24/11 8:04:01 AM,C,-6.454
12/24/11 8:19:01 AM,C,-6.454
12/24/11 8:34:01 AM,C,-6.454
12/24/11 8:49:01 AM,C,-5.949
12/24/11 9:04:01 AM,C,-5.949
12/24/11 9:19:01 AM,C,-5.949
12/24/11 9:34:01 AM,C,-5.444
12/24/11 9:49:01 AM,C,-5.444
12/24/11 10:04:01 AM,C,-5.444
12/24/11 10:19:01 AM,C,-4.939
12/24/11 10:34:01 AM,C,-4.939
12/24/11 10:49:01 AM,C,-5.444
12/24/11 11:04:01 AM,C,-5.444
12/24/11 11:19:01 AM,C,-4.939
12/24/11 11:34:01 AM,C,-4.939
12/24/11 11:49:01 AM,C,-4.939
12/24/11 12:04:01 PM,C,-4.435
12/24/11 12:19:01 PM,C,-4.435
12/24/11 12:34:01 PM,C,-4.435
12/24/11 12:49:01 PM,C,-4.435
12/24/11 1:04:01 PM,C,-4.435
12/24/11 1:19:01 PM,C,-4.435
12/24/11 1:34:01 PM,C,-4.435
12/24/11 1:49:01 PM,C,-3.425
12/24/11 2:04:01 PM,C,-3.425
12/24/11 2:19:01 PM,C,-3.425
12/24/11 2:34:01 PM,C,-2.921
12/24/11 2:49:01 PM,C,-2.921
12/24/11 3:04:01 PM,C,-3.425
12/24/11 3:19:01 PM,C,-3.425
12/24/11 3:34:01 PM,C,-3.425
12/24/11 3:49:01 PM,C,-2.921
12/24/11 4:04:01 PM,C,-2.921
12/24/11 4:19:01 PM,C,-3.425
12/24/11 4:34:01 PM,C,-3.93
12/24/11 4:49:01 PM,C,-4.435
12/24/11 5:04:01 PM,C,-4.435
12/24/11 5:19:01 PM,C,-4.939
12/24/11 5:34:01 PM,C,-4.939
12/24/11 5:49:01 PM,C,-5.444
12/24/11 6:04:01 PM,C,-5.444
12/24/11 6:19:01 PM,C,-5.444
12/24/11 6:34:01 PM,C,-5.444
12/24/11 6:49:01 PM,C,-4.939
12/24/11 7:04:01 PM,C,-5.444
12/24/11 7:19:01 PM,C,-4.939
12/24/11 7:34:01 PM,C,-4.939
12/24/11 7:49:01 PM,C,-4.939
12/24/11 8:04:01 PM,C,-4.939
12/24/11 8:19:01 PM,C,-4.939
12/24/11 8:34:01 PM,C,-4.939
12/24/11 8:49:01 PM,C,-4.939
12/24/11 9:04:01 PM,C,-4.435
12/24/11 9:19:01 PM,C,-4.939
12/24/11 9:34:01 PM,C,-4.939
12/24/11 9:49:01 PM,C,-4.939
12/24/11 10:04:01 PM,C,-4.939
12/24/11 10:19:01 PM,C,-4.939
12/24/11 10:34:01 PM,C,-4.435
12/24/11 10:49:01 PM,C,-4.939
12/24/11 11:04:01 PM,C,-4.435
12/24/11 11:19:01 PM,C,-4.435
12/24/11 11:34:01 PM,C,-4.939
12/24/11 11:49:01 PM,C,-4.939
12/25/11 12:04:01 AM,C,-4.939
12/25/11 12:19:01 AM,C,-4.435
12/25/11 12:34:01 AM,C,-4.939
12/25/11 12:49:01 AM,C,-4.435
12/25/11 1:04:01 AM,C,-4.435
12/25/11 1:19:01 AM,C,-4.435
12/25/11 1:34:01 AM,C,-4.435
12/25/11 1:49:01 AM,C,-4.435
12/25/11 2:04:01 AM,C,-4.435
12/25/11 2:19:01 AM,C,-4.435
12/25/11 2:34:01 AM,C,-4.435
12/25/11 2:49:01 AM,C,-4.435
12/25/11 3:04:01 AM,C,-4.939
12/25/11 3:19:01 AM,C,-4.939
12/25/11 3:34:01 AM,C,-4.939
12/25/11 3:49:01 AM,C,-4.435
12/25/11 4:04:01 AM,C,-4.435
12/25/11 4:19:01 AM,C,-4.435
12/25/11 4:34:01 AM,C,-4.435
12/25/11 4:49:01 AM,C,-4.435
12/25/11 5:04:01 AM,C,-4.435
12/25/11 5:19:01 AM,C,-4.435
12/25/11 5:34:01 AM,C,-4.939
12/25/11 5:49:01 AM,C,-4.939
12/25/11 6:04:01 AM,C,-4.939
12/25/11 6:19:01 AM,C,-4.939
12/25/11 6:34:01 AM,C,-4.435
12/25/11 6:49:01 AM,C,-4.939
12/25/11 7:04:01 AM,C,-4.939
12/25/11 7:19:01 AM,C,-4.939
12/25/11 7:34:01 AM,C,-4.939
12/25/11 7:49:01 AM,C,-4.939
12/25/11 8:04:01 AM,C,-4.939
12/25/11 8:19:01 AM,C,-4.939
12/25/11 8:34:01 AM,C,-4.435
12/25/11 8:49:01 AM,C,-4.435
12/25/11 9:04:01 AM,C,-4.435
12/25/11 9:19:01 AM,C,-3.93
12/25/11 9:34:01 AM,C,-3.93
12/25/11 9:49:01 AM,C,-3.93
12/25/11 10:04:01 AM,C,-3.93
12/25/11 10:19:01 AM,C,-3.93
12/25/11 10:34:01 AM,C,-3.93
12/25/11 10:49:01 AM,C,-3.425
12/25/11 11:04:01 AM,C,-2.417
12/25/11 11:19:01 AM,C,-1.912
12/25/11 11:34:01 AM,C,-1.912
12/25/11 11:49:01 AM,C,-1.912
12/25/11 12:04:01 PM,C,-1.912
12/25/11 12:19:01 PM,C,-1.912
12/25/11 12:34:01 PM,C,-1.408
12/25/11 12:49:01 PM,C,-0.904
12/25/11 1:04:01 PM,C,-0.904
12/25/11 1:19:01 PM,C,-1.408
12/25/11 1:34:01 PM,C,-1.408
12/25/11 1:49:01 PM,C,-1.912
12/25/11 2:04:01 PM,C,-1.408
12/25/11 2:19:01 PM,C,-1.408
12/25/11 2:34:01 PM,C,-1.912
12/25/11 2:49:01 PM,C,-1.912
12/25/11 3:04:01 PM,C,-1.408
12/25/11 3:19:01 PM,C,-1.408
12/25/11 3:34:01 PM,C,-1.408
12/25/11 3:49:01 PM,C,-1.912
12/25/11 4:04:01 PM,C,-2.417
12/25/11 4:19:01 PM,C,-2.417
12/25/11 4:34:01 PM,C,-2.417
12/25/11 4:49:01 PM,C,-2.417
12/25/11 5:04:01 PM,C,-2.921
12/25/11 5:19:01 PM,C,-2.921
12/25/11 5:34:01 PM,C,-2.921
12/25/11 5:49:01 PM,C,-2.921
12/25/11 6:04:01 PM,C,-3.425
12/25/11 6:19:01 PM,C,-3.425
12/25/11 6:34:01 PM,C,-3.425
12/25/11 6:49:01 PM,C,-3.425
12/25/11 7:04:01 PM,C,-3.93
12/25/11 7:19:01 PM,C,-4.435
12/25/11 7:34:01 PM,C,-3.93
12/25/11 7:49:01 PM,C,-3.93
12/25/11 8:04:01 PM,C,-3.93
12/25/11 8:19:01 PM,C,-3.93
12/25/11 8:34:01 PM,C,-4.435
12/25/11 8:49:01 PM,C,-4.939
12/25/11 9:04:01 PM,C,-5.949
12/25/11 9:19:01 PM,C,-6.959
12/25/11 9:34:01 PM,C,-7.464
12/25/11 9:49:01 PM,C,-7.969
12/25/11 10:04:01 PM,C,-7.969
12/25/11 10:19:01 PM,C,-7.969
12/25/11 10:34:01 PM,C,-7.464
12/25/11 10:49:01 PM,C,-5.949
12/25/11 11:04:01 PM,C,-5.444
12/25/11 11:19:01 PM,C,-4.435
12/25/11 11:34:01 PM,C,-4.435
12/25/11 11:49:01 PM,C,-4.435
12/26/11 12:04:01 AM,C,-4.435
12/26/11 12:19:01 AM,C,-4.435
12/26/11 12:34:01 AM,C,-4.939
12/26/11 12:49:01 AM,C,-4.939
12/26/11 1:04:01 AM,C,-4.939
12/26/11 1:19:01 AM,C,-5.444
12/26/11 1:34:01 AM,C,-4.939
12/26/11 1:49:01 AM,C,-5.949
12/26/11 2:04:01 AM,C,-6.959
12/26/11 2:19:01 AM,C,-8.474
12/26/11 2:34:01 AM,C,-8.98
12/26/11 2:49:01 AM,C,-9.485
12/26/11 3:04:01 AM,C,-9.485
12/26/11 3:19:01 AM,C,-9.99
12/26/11 3:34:01 AM,C,-9.99
12/26/11 3:49:01 AM,C,-9.99
12/26/11 4:04:01 AM,C,-9.99
12/26/11 4:19:01 AM,C,-10.496
12/26/11 4:34:01 AM,C,-9.99
12/26/11 4:49:01 AM,C,-9.99
12/26/11 5:04:01 AM,C,-9.99
12/26/11 5:19:01 AM,C,-9.485
12/26/11 5:34:01 AM,C,-5.444
12/26/11 5:49:01 AM,C,-4.939
12/26/11 6:04:01 AM,C,-4.435
12/26/11 6:19:01 AM,C,-4.435
12/26/11 6:34:01 AM,C,-3.93
12/26/11 6:49:01 AM,C,-3.93
12/26/11 7:04:01 AM,C,-3.93
12/26/11 7:19:01 AM,C,-3.93
12/26/11 7:34:01 AM,C,-3.93
12/26/11 7:49:01 AM,C,-3.93
12/26/11 8:04:01 AM,C,-4.435
12/26/11 8:19:01 AM,C,-3.93
12/26/11 8:34:01 AM,C,-2.921
12/26/11 8:49:01 AM,C,-2.921
12/26/11 9:04:01 AM,C,-2.921
12/26/11 9:19:01 AM,C,-2.921
12/26/11 9:34:01 AM,C,-2.417
12/26/11 9:49:01 AM,C,-2.417
12/26/11 10:04:01 AM,C,-1.912
12/26/11 10:19:01 AM,C,-1.408
12/26/11 10:34:01 AM,C,-0.904
12/26/11 10:49:01 AM,C,-1.408
12/26/11 11:04:01 AM,C,-0.904
12/26/11 11:19:01 AM,C,-0.4
12/26/11 11:34:01 AM,C,-0.4
12/26/11 11:49:01 AM,C,0.104
12/26/11 12:04:01 PM,C,0.608
12/26/11 12:19:01 PM,C,2.119
12/26/11 12:34:01 PM,C,1.616
12/26/11 12:49:01 PM,C,3.126
12/26/11 1:04:01 PM,C,2.623
12/26/11 1:19:01 PM,C,4.636
12/26/11 1:34:01 PM,C,5.14
12/26/11 1:49:01 PM,C,4.636
12/26/11 2:04:01 PM,C,6.649
12/26/11 2:19:01 PM,C,8.157
12/26/11 2:34:01 PM,C,8.157
12/26/11 2:49:01 PM,C,7.654
12/26/11 3:04:01 PM,C,4.636
12/26/11 3:19:01 PM,C,5.14
12/26/11 3:34:01 PM,C,4.636
12/26/11 3:49:01 PM,C,4.636
12/26/11 4:04:01 PM,C,5.14
12/26/11 4:19:01 PM,C,5.643
12/26/11 4:34:01 PM,C,5.14
12/26/11 4:49:01 PM,C,5.643
12/26/11 5:04:01 PM,C,5.643
12/26/11 5:19:01 PM,C,5.14
12/26/11 5:34:01 PM,C,4.636
12/26/11 5:49:01 PM,C,4.133
12/26/11 6:04:01 PM,C,3.63
12/26/11 6:19:01 PM,C,3.63
12/26/11 6:34:01 PM,C,3.126
12/26/11 6:49:01 PM,C,3.63
12/26/11 7:04:01 PM,C,3.63
12/26/11 7:19:01 PM,C,3.63
12/26/11 7:34:01 PM,C,3.126
12/26/11 7:49:01 PM,C,3.63
12/26/11 8:04:01 PM,C,4.133
12/26/11 8:19:01 PM,C,4.133
12/26/11 8:34:01 PM,C,3.63
12/26/11 8:49:01 PM,C,4.636
12/26/11 9:04:01 PM,C,4.636
12/26/11 9:19:01 PM,C,5.14
12/26/11 9:34:01 PM,C,4.636
12/26/11 9:49:01 PM,C,4.636
12/26/11 10:04:01 PM,C,4.636
12/26/11 10:19:01 PM,C,4.133
12/26/11 10:34:01 PM,C,4.133
12/26/11 10:49:01 PM,C,3.63
12/26/11 11:04:01 PM,C,-0.4
12/26/11 11:19:01 PM,C,-0.4
12/26/11 11:34:01 PM,C,-1.912
12/26/11 11:49:01 PM,C,-0.904
12/27/11 12:04:01 AM,C,-2.417
12/27/11 12:19:01 AM,C,-2.417
12/27/11 12:34:01 AM,C,-3.425
12/27/11 12:49:01 AM,C,-3.93
12/27/11 1:04:01 AM,C,-3.425
12/27/11 1:19:01 AM,C,-4.435
12/27/11 1:34:01 AM,C,-3.93
12/27/11 1:49:01 AM,C,-3.93
12/27/11 2:04:01 AM,C,-4.435
12/27/11 2:19:01 AM,C,-4.939
12/27/11 2:34:01 AM,C,-1.912
12/27/11 2:49:01 AM,C,-2.921
12/27/11 3:04:01 AM,C,-3.93
12/27/11 3:19:01 AM,C,-2.921
12/27/11 3:34:01 AM,C,-2.921
12/27/11 3:49:01 AM,C,-3.425
12/27/11 4:04:01 AM,C,-2.921
12/27/11 4:19:01 AM,C,-3.93
12/27/11 4:34:01 AM,C,-3.93
12/27/11 4:49:01 AM,C,-3.93
12/27/11 5:04:01 AM,C,-3.93
12/27/11 5:19:01 AM,C,-3.93
12/27/11 5:34:01 AM,C,-4.435
12/27/11 5:49:01 AM,C,-5.949
12/27/11 6:04:01 AM,C,-5.444
12/27/11 6:19:01 AM,C,-5.949
12/27/11 6:34:01 AM,C,-5.949
12/27/11 6:49:01 AM,C,-6.454
12/27/11 7:04:01 AM,C,-5.949
12/27/11 7:19:01 AM,C,-6.959
12/27/11 7:34:01 AM,C,-5.949
12/27/11 7:49:01 AM,C,-6.454
12/27/11 8:04:01 AM,C,-6.959
12/27/11 8:19:01 AM,C,-6.454
12/27/11 8:34:01 AM,C,-5.949
12/27/11 8:49:01 AM,C,-5.949
12/27/11 9:04:01 AM,C,-3.93
12/27/11 9:19:01 AM,C,-3.93
12/27/11 9:34:01 AM,C,-1.408
12/27/11 9:49:01 AM,C,0.104
12/27/11 10:04:01 AM,C,2.119
12/27/11 10:19:01 AM,C,4.133
12/27/11 10:34:01 AM,C,5.643
12/27/11 10:49:01 AM,C,6.649
12/27/11 11:04:01 AM,C,7.654
12/27/11 11:19:01 AM,C,8.157
12/27/11 11:34:01 AM,C,9.665
12/27/11 11:49:01 AM,C,10.67
12/27/11 12:04:01 PM,C,11.172
12/27/11 12:19:01 PM,C,12.176
12/27/11 12:34:01 PM,C,11.674
12/27/11 12:49:01 PM,C,13.682
12/27/11 1:04:01 PM,C,12.678
12/27/11 1:19:01 PM,C,15.187
12/27/11 1:34:01 PM,C,15.187
12/27/11 1:49:01 PM,C,13.682
12/27/11 2:04:01 PM,C,16.692
12/27/11 2:19:01 PM,C,17.193
12/27/11 2:34:01 PM,C,17.694
12/27/11 2:49:01 PM,C,16.19
12/27/11 3:04:01 PM,C,13.682
12/27/11 3:19:01 PM,C,14.184
12/27/11 3:34:01 PM,C,11.674
12/27/11 3:49:01 PM,C,11.172
12/27/11 4:04:01 PM,C,11.674
12/27/11 4:19:01 PM,C,11.172
12/27/11 4:34:01 PM,C,11.172
12/27/11 4:49:01 PM,C,10.67
12/27/11 5:04:01 PM,C,10.167
12/27/11 5:19:01 PM,C,9.665
12/27/11 5:34:01 PM,C,9.162
12/27/11 5:49:01 PM,C,8.66
12/27/11 6:04:01 PM,C,6.649
12/27/11 6:19:01 PM,C,5.643
12/27/11 6:34:01 PM,C,5.643
12/27/11 6:49:01 PM,C,8.157
12/27/11 7:04:01 PM,C,8.157
12/27/11 7:19:01 PM,C,8.157
12/27/11 7:34:01 PM,C,8.66
12/27/11 7:49:01 PM,C,8.66
12/27/11 8:04:01 PM,C,8.66
12/27/11 8:19:01 PM,C,9.162
12/27/11 8:34:01 PM,C,8.66
12/27/11 8:49:01 PM,C,9.162
12/27/11 9:04:01 PM,C,9.162
12/27/11 9:19:01 PM,C,9.162
12/27/11 9:34:01 PM,C,9.162
12/27/11 9:49:01 PM,C,9.162
12/27/11 10:04:01 PM,C,9.162
12/27/11 10:19:01 PM,C,9.162
12/27/11 10:34:01 PM,C,9.665
12/27/11 10:49:01 PM,C,9.665
12/27/11 11:04:01 PM,C,9.665
12/27/11 11:19:01 PM,C,9.665
12/27/11 11:34:01 PM,C,9.162
12/27/11 11:49:01 PM,C,9.162
12/28/11 12:04:01 AM,C,9.162
12/28/11 12:19:01 AM,C,9.665
12/28/11 12:34:01 AM,C,9.665
12/28/11 12:49:01 AM,C,9.162
12/28/11 1:04:01 AM,C,9.162
12/28/11 1:19:01 AM,C,9.162
12/28/11 1:34:01 AM,C,9.162
12/28/11 1:49:01 AM,C,9.162
12/28/11 2:04:01 AM,C,8.66
12/28/11 2:19:01 AM,C,8.66
12/28/11 2:34:01 AM,C,8.66
12/28/11 2:49:01 AM,C,8.66
12/28/11 3:04:01 AM,C,8.66
12/28/11 3:19:01 AM,C,8.157
12/28/11 3:34:01 AM,C,8.157
12/28/11 3:49:01 AM,C,8.157
12/28/11 4:04:01 AM,C,8.157
12/28/11 4:19:01 AM,C,8.157
12/28/11 4:34:01 AM,C,7.152
12/28/11 4:49:01 AM,C,7.654
12/28/11 5:04:01 AM,C,6.649
12/28/11 5:19:01 AM,C,8.157
12/28/11 5:34:01 AM,C,7.654
12/28/11 5:49:01 AM,C,6.649
12/28/11 6:04:01 AM,C,6.649
12/28/11 6:19:01 AM,C,6.146
12/28/11 6:34:01 AM,C,6.146
12/28/11 6:49:01 AM,C,5.643
12/28/11 7:04:01 AM,C,4.636
12/28/11 7:19:01 AM,C,5.14
12/28/11 7:34:01 AM,C,4.636
12/28/11 7:49:01 AM,C,4.133
12/28/11 8:04:01 AM,C,3.63
12/28/11 8:19:01 AM,C,2.119
12/28/11 8:34:01 AM,C,0.608
12/28/11 8:49:01 AM,C,4.636
12/28/11 9:04:01 AM,C,6.146
12/28/11 9:19:01 AM,C,6.649
12/28/11 9:34:01 AM,C,7.152
12/28/11 9:49:01 AM,C,7.152
12/28/11 10:04:01 AM,C,7.152
12/28/11 10:19:01 AM,C,7.654
12/28/11 10:34:01 AM,C,7.654
12/28/11 10:49:01 AM,C,7.654
12/28/11 11:04:01 AM,C,8.157
12/28/11 11:19:01 AM,C,8.66
12/28/11 11:34:01 AM,C,9.162
12/28/11 11:49:01 AM,C,9.162
12/28/11 12:04:01 PM,C,9.162
12/28/11 12:19:01 PM,C,9.665
12/28/11 12:34:01 PM,C,9.665
12/28/11 12:49:01 PM,C,11.674
12/28/11 1:04:01 PM,C,11.674
12/28/11 1:19:01 PM,C,14.184
12/28/11 1:34:01 PM,C,14.184
12/28/11 1:49:01 PM,C,12.678
12/28/11 2:04:01 PM,C,15.187
12/28/11 2:19:01 PM,C,17.193
12/28/11 2:34:01 PM,C,16.692
12/28/11 2:49:01 PM,C,16.19
12/28/11 3:04:01 PM,C,13.682
12/28/11 3:19:01 PM,C,14.184
12/28/11 3:34:01 PM,C,12.176
12/28/11 3:49:01 PM,C,11.674
12/28/11 4:04:01 PM,C,11.674
12/28/11 4:19:01 PM,C,11.674
12/28/11 4:34:01 PM,C,11.172
12/28/11 4:49:01 PM,C,10.67
12/28/11 5:04:01 PM,C,10.167
12/28/11 5:19:01 PM,C,9.665
12/28/11 5:34:01 PM,C,9.162
12/28/11 5:49:01 PM,C,8.157
12/28/11 6:04:01 PM,C,6.649
12/28/11 6:19:01 PM,C,4.133
12/28/11 6:34:01 PM,C,6.649
12/28/11 6:49:01 PM,C,7.152
12/28/11 7:04:01 PM,C,6.649
12/28/11 7:19:01 PM,C,4.636
12/28/11 7:34:01 PM,C,4.133
12/28/11 7:49:01 PM,C,4.133
12/28/11 8:04:01 PM,C,7.152
12/28/11 8:19:01 PM,C,7.654
12/28/11 8:34:01 PM,C,8.157
12/28/11 8:49:01 PM,C,8.157
12/28/11 9:04:01 PM,C,8.157
12/28/11 9:19:01 PM,C,8.157
12/28/11 9:34:01 PM,C,8.66
12/28/11 9:49:01 PM,C,8.66
12/28/11 10:04:01 PM,C,8.157
12/28/11 10:19:01 PM,C,8.66
12/28/11 10:34:01 PM,C,9.162
12/28/11 10:49:01 PM,C,8.66
12/28/11 11:04:01 PM,C,8.66
12/28/11 11:19:01 PM,C,8.157
12/28/11 11:34:01 PM,C,7.654
12/28/11 11:49:01 PM,C,8.157
12/29/11 12:04:01 AM,C,8.157
12/29/11 12:19:01 AM,C,8.157
12/29/11 12:34:01 AM,C,8.157
12/29/11 12:49:01 AM,C,7.654
12/29/11 1:04:01 AM,C,7.654
12/29/11 1:19:01 AM,C,8.157
12/29/11 1:34:01 AM,C,8.157
12/29/11 1:49:01 AM,C,7.654
12/29/11 2:04:01 AM,C,8.66
12/29/11 2:19:01 AM,C,8.66
12/29/11 2:34:01 AM,C,8.66
12/29/11 2:49:01 AM,C,8.157
12/29/11 3:04:01 AM,C,8.66
12/29/11 3:19:01 AM,C,8.157
12/29/11 3:34:01 AM,C,8.157
12/29/11 3:49:01 AM,C,7.654
12/29/11 4:04:01 AM,C,7.654
12/29/11 4:19:01 AM,C,7.654
12/29/11 4:34:01 AM,C,7.654
12/29/11 4:49:01 AM,C,7.654
12/29/11 5:04:01 AM,C,7.152
12/29/11 5:19:01 AM,C,7.152
12/29/11 5:34:01 AM,C,7.654
12/29/11 5:49:01 AM,C,7.654
12/29/11 6:04:01 AM,C,7.152
12/29/11 6:19:01 AM,C,7.152
12/29/11 6:34:01 AM,C,7.152
12/29/11 6:49:01 AM,C,7.654
12/29/11 7:04:01 AM,C,7.654
12/29/11 7:19:01 AM,C,8.157
12/29/11 7:34:01 AM,C,8.157
12/29/11 7:49:01 AM,C,8.157
12/29/11 8:04:01 AM,C,7.152
12/29/11 8:19:01 AM,C,7.654
12/29/11 8:34:01 AM,C,8.157
12/29/11 8:49:01 AM,C,8.66
12/29/11 9:04:01 AM,C,9.162
12/29/11 9:19:01 AM,C,9.162
12/29/11 9:34:01 AM,C,9.162
12/29/11 9:49:01 AM,C,10.167
12/29/11 10:04:01 AM,C,11.172
12/29/11 10:19:01 AM,C,11.674
12/29/11 10:34:01 AM,C,11.674
12/29/11 10:49:01 AM,C,12.176
12/29/11 11:04:01 AM,C,12.176
12/29/11 11:19:01 AM,C,12.176
12/29/11 11:34:01 AM,C,12.176
12/29/11 11:49:01 AM,C,12.176
12/29/11 12:04:01 PM,C,12.176
12/29/11 12:19:01 PM,C,12.678
12/29/11 12:34:01 PM,C,13.18
12/29/11 12:49:01 PM,C,15.689
12/29/11 1:04:01 PM,C,14.685
12/29/11 1:19:01 PM,C,17.193
12/29/11 1:34:01 PM,C,17.193
12/29/11 1:49:01 PM,C,16.19
12/29/11 2:04:01 PM,C,17.694
12/29/11 2:19:01 PM,C,20.199
12/29/11 2:34:01 PM,C,19.197
12/29/11 2:49:01 PM,C,19.197
12/29/11 3:04:01 PM,C,16.19
12/29/11 3:19:01 PM,C,16.692
12/29/11 3:34:01 PM,C,14.685
12/29/11 3:49:01 PM,C,14.184
12/29/11 4:04:01 PM,C,14.184
12/29/11 4:19:01 PM,C,14.184
12/29/11 4:34:01 PM,C,13.18
12/29/11 4:49:01 PM,C,13.18
12/29/11 5:04:01 PM,C,12.678
12/29/11 5:19:01 PM,C,12.176
12/29/11 5:34:01 PM,C,12.176
12/29/11 5:49:01 PM,C,11.674
12/29/11 6:04:01 PM,C,11.172
12/29/11 6:19:01 PM,C,11.172
12/29/11 6:34:01 PM,C,11.172
12/29/11 6:49:01 PM,C,10.67
12/29/11 7:04:01 PM,C,10.167
12/29/11 7:19:01 PM,C,10.167
12/29/11 7:34:01 PM,C,10.67
12/29/11 7:49:01 PM,C,10.67
12/29/11 8:04:01 PM,C,10.67
12/29/11 8:19:01 PM,C,10.167
12/29/11 8:34:01 PM,C,10.167
12/29/11 8:49:01 PM,C,10.67
12/29/11 9:04:01 PM,C,10.67
12/29/11 9:19:01 PM,C,10.67
12/29/11 9:34:01 PM,C,10.167
12/29/11 9:49:01 PM,C,10.167
12/29/11 10:04:01 PM,C,10.167
12/29/11 10:19:01 PM,C,10.167
12/29/11 10:34:01 PM,C,10.167
12/29/11 10:49:01 PM,C,10.167
12/29/11 11:04:01 PM,C,10.167
12/29/11 11:19:01 PM,C,10.167
12/29/11 11:34:01 PM,C,8.66
12/29/11 11:49:01 PM,C,7.654
12/30/11 12:04:01 AM,C,7.654
12/30/11 12:19:01 AM,C,7.654
12/30/11 12:34:01 AM,C,5.643
12/30/11 12:49:01 AM,C,6.146
12/30/11 1:04:01 AM,C,5.14
12/30/11 1:19:01 AM,C,7.654
12/30/11 1:34:01 AM,C,10.167
12/30/11 1:49:01 AM,C,9.162
12/30/11 2:04:01 AM,C,6.146
12/30/11 2:19:01 AM,C,4.133
12/30/11 2:34:01 AM,C,3.126
12/30/11 2:49:01 AM,C,2.623
12/30/11 3:04:01 AM,C,2.623
12/30/11 3:19:01 AM,C,3.63
12/30/11 3:34:01 AM,C,3.126
12/30/11 3:49:01 AM,C,4.133
12/30/11 4:04:01 AM,C,3.126
12/30/11 4:19:01 AM,C,2.119
12/30/11 4:34:01 AM,C,1.616
12/30/11 4:49:01 AM,C,2.119
12/30/11 5:04:01 AM,C,4.133
12/30/11 5:19:01 AM,C,5.643
12/30/11 5:34:01 AM,C,2.623
12/30/11 5:49:01 AM,C,2.119
12/30/11 6:04:01 AM,C,0.608
12/30/11 6:19:01 AM,C,1.112
12/30/11 6:34:01 AM,C,0.608
12/30/11 6:49:01 AM,C,1.112
12/30/11 7:04:01 AM,C,0.608
12/30/11 7:19:01 AM,C,0.104
12/30/11 7:34:01 AM,C,1.112
12/30/11 7:49:01 AM,C,0.608
12/30/11 8:04:01 AM,C,0.608
12/30/11 8:19:01 AM,C,1.112
12/30/11 8:34:01 AM,C,0.104
12/30/11 8:49:01 AM,C,0.608
12/30/11 9:04:01 AM,C,2.623
12/30/11 9:19:01 AM,C,3.63
12/30/11 9:34:01 AM,C,5.643
12/30/11 9:49:01 AM,C,6.649
12/30/11 10:04:01 AM,C,6.649
12/30/11 10:19:01 AM,C,7.152
12/30/11 10:34:01 AM,C,7.654
12/30/11 10:49:01 AM,C,8.157
12/30/11 11:04:01 AM,C,8.66
12/30/11 11:19:01 AM,C,9.162
12/30/11 11:34:01 AM,C,10.167
12/30/11 11:49:01 AM,C,11.172
12/30/11 12:04:01 PM,C,12.678
12/30/11 12:19:01 PM,C,13.18
12/30/11 12:34:01 PM,C,14.184
12/30/11 12:49:01 PM,C,17.193
12/30/11 1:04:01 PM,C,16.692
12/30/11 1:19:01 PM,C,18.696
12/30/11 1:34:01 PM,C,19.197
12/30/11 1:49:01 PM,C,18.195
12/30/11 2:04:01 PM,C,19.698
12/30/11 2:19:01 PM,C,22.202
12/30/11 2:34:01 PM,C,22.202
12/30/11 2:49:01 PM,C,21.701
12/30/11 3:04:01 PM,C,18.696
12/30/11 3:19:01 PM,C,20.199
12/30/11 3:34:01 PM,C,16.692
12/30/11 3:49:01 PM,C,16.19
12/30/11 4:04:01 PM,C,16.19
12/30/11 4:19:01 PM,C,16.19
12/30/11 4:34:01 PM,C,15.689
12/30/11 4:49:01 PM,C,15.689
12/30/11 5:04:01 PM,C,14.685
12/30/11 5:19:01 PM,C,14.184
12/30/11 5:34:01 PM,C,13.682
12/30/11 5:49:01 PM,C,11.172
12/30/11 6:04:01 PM,C,8.157
12/30/11 6:19:01 PM,C,6.649
12/30/11 6:34:01 PM,C,5.14
12/30/11 6:49:01 PM,C,4.636
12/30/11 7:04:01 PM,C,4.636
12/30/11 7:19:01 PM,C,4.133
12/30/11 7:34:01 PM,C,3.126
12/30/11 7:49:01 PM,C,2.119
12/30/11 8:04:01 PM,C,1.616
12/30/11 8:19:01 PM,C,2.119
12/30/11 8:34:01 PM,C,4.133
12/30/11 8:49:01 PM,C,5.643
12/30/11 9:04:01 PM,C,6.649
12/30/11 9:19:01 PM,C,6.649
12/30/11 9:34:01 PM,C,7.654
12/30/11 9:49:01 PM,C,8.157
12/30/11 10:04:01 PM,C,8.66
12/30/11 10:19:01 PM,C,6.649
12/30/11 10:34:01 PM,C,5.643
12/30/11 10:49:01 PM,C,4.636
12/30/11 11:04:01 PM,C,3.63
12/30/11 11:19:01 PM,C,3.63
12/30/11 11:34:01 PM,C,3.126
12/30/11 11:49:01 PM,C,2.623
12/31/11 12:04:01 AM,C,2.119
12/31/11 12:19:01 AM,C,2.119
12/31/11 12:34:01 AM,C,2.119
12/31/11 12:49:01 AM,C,2.119
12/31/11 1:04:01 AM,C,2.623
12/31/11 1:19:01 AM,C,2.623
12/31/11 1:34:01 AM,C,3.126
12/31/11 1:49:01 AM,C,8.66
12/31/11 2:04:01 AM,C,10.167
12/31/11 2:19:01 AM,C,8.157
12/31/11 2:34:01 AM,C,4.636
12/31/11 2:49:01 AM,C,3.126
12/31/11 3:04:01 AM,C,2.119
12/31/11 3:19:01 AM,C,2.623
12/31/11 3:34:01 AM,C,5.643
12/31/11 3:49:01 AM,C,8.157
12/31/11 4:04:01 AM,C,10.67
12/31/11 4:19:01 AM,C,11.674
12/31/11 4:34:01 AM,C,11.172
12/31/11 4:49:01 AM,C,11.172
12/31/11 5:04:01 AM,C,11.172
12/31/11 5:19:01 AM,C,11.172
12/31/11 5:34:01 AM,C,10.67
12/31/11 5:49:01 AM,C,10.67
12/31/11 6:04:01 AM,C,10.67
12/31/11 6:19:01 AM,C,10.167
12/31/11 6:34:01 AM,C,10.167
12/31/11 6:49:01 AM,C,9.665
12/31/11 7:04:01 AM,C,10.167
12/31/11 7:19:01 AM,C,10.67
12/31/11 7:34:01 AM,C,9.665
12/31/11 7:49:01 AM,C,9.665
12/31/11 8:04:01 AM,C,10.167
12/31/11 8:19:01 AM,C,11.172
12/31/11 8:34:01 AM,C,11.172
12/31/11 8:49:01 AM,C,11.674
12/31/11 9:04:01 AM,C,12.176
12/31/11 9:19:01 AM,C,12.176
12/31/11 9:34:01 AM,C,13.18
12/31/11 9:49:01 AM,C,13.682
12/31/11 10:04:01 AM,C,13.682
12/31/11 10:19:01 AM,C,14.184
12/31/11 10:34:01 AM,C,14.685
12/31/11 10:49:01 AM,C,15.187
12/31/11 11:04:01 AM,C,15.689
12/31/11 11:19:01 AM,C,15.689
12/31/11 11:34:01 AM,C,15.689
12/31/11 11:49:01 AM,C,15.689
12/31/11 12:04:01 PM,C,16.692
12/31/11 12:19:01 PM,C,17.193
12/31/11 12:34:01 PM,C,17.193
12/31/11 12:49:01 PM,C,18.696
12/31/11 1:04:01 PM,C,17.694
12/31/11 1:19:01 PM,C,19.698
12/31/11 1:34:01 PM,C,19.698
12/31/11 1:49:01 PM,C,19.197
12/31/11 2:04:01 PM,C,19.698
12/31/11 2:19:01 PM,C,22.202
12/31/11 2:34:01 PM,C,21.701
12/31/11 2:49:01 PM,C,21.701
12/31/11 3:04:01 PM,C,18.696
12/31/11 3:19:01 PM,C,19.698
12/31/11 3:34:01 PM,C,18.195
12/31/11 3:49:01 PM,C,17.694
12/31/11 4:04:01 PM,C,17.694
12/31/11 4:19:01 PM,C,17.193
12/31/11 4:34:01 PM,C,16.692
12/31/11 4:49:01 PM,C,16.692
12/31/11 5:04:01 PM,C,16.19
12/31/11 5:19:01 PM,C,15.689
12/31/11 5:34:01 PM,C,15.187
12/31/11 5:49:01 PM,C,14.685
12/31/11 6:04:01 PM,C,14.184
12/31/11 6:19:01 PM,C,13.682
12/31/11 6:34:01 PM,C,11.674
12/31/11 6:49:01 PM,C,9.162
12/31/11 7:04:01 PM,C,6.649
12/31/11 7:19:01 PM,C,6.146
12/31/11 7:34:01 PM,C,5.14
12/31/11 7:49:01 PM,C,3.63
12/31/11 8:04:01 PM,C,4.636
12/31/11 8:19:01 PM,C,3.126
12/31/11 8:34:01 PM,C,2.623
12/31/11 8:49:01 PM,C,2.623
12/31/11 9:04:01 PM,C,2.623
12/31/11 9:19:01 PM,C,1.616
12/31/11 9:34:01 PM,C,2.623
12/31/11 9:49:01 PM,C,2.623
12/31/11 10:04:01 PM,C,3.126
12/31/11 10:19:01 PM,C,1.616
12/31/11 10:34:01 PM,C,1.112
12/31/11 10:49:01 PM,C,1.616
12/31/11 11:04:01 PM,C,1.112
12/31/11 11:19:01 PM,C,1.112
12/31/11 11:34:01 PM,C,0.608
12/31/11 11:49:01 PM,C,-0.904
1/1/12 12:04:01 AM,C,1.112
1/1/12 12:19:01 AM,C,1.616
1/1/12 12:34:01 AM,C,0.104
1/1/12 12:49:01 AM,C,0.104
1/1/12 1:04:01 AM,C,5.643
1/1/12 1:19:01 AM,C,3.63
1/1/12 1:34:01 AM,C,3.63
1/1/12 1:49:01 AM,C,2.623
1/1/12 2:04:01 AM,C,3.63
1/1/12 2:19:01 AM,C,3.63
1/1/12 2:34:01 AM,C,2.623
1/1/12 2:49:01 AM,C,1.616
1/1/12 3:04:01 AM,C,0.608
1/1/12 3:19:01 AM,C,0.104
1/1/12 3:34:01 AM,C,-0.904
1/1/12 3:49:01 AM,C,-2.921
1/1/12 4:04:01 AM,C,-2.921
1/1/12 4:19:01 AM,C,-3.425
1/1/12 4:34:01 AM,C,-3.93
1/1/12 4:49:01 AM,C,-3.93
1/1/12 5:04:01 AM,C,-4.435
1/1/12 5:19:01 AM,C,-4.939
1/1/12 5:34:01 AM,C,-5.444
1/1/12 5:49:01 AM,C,-5.444
1/1/12 6:04:01 AM,C,-5.444
1/1/12 6:19:01 AM,C,-6.454
1/1/12 6:34:01 AM,C,-6.454
1/1/12 6:49:01 AM,C,-6.454
1/1/12 7:04:01 AM,C,-5.949
1/1/12 7:19:01 AM,C,-4.939
1/1/12 7:34:01 AM,C,-4.435
1/1/12 7:49:01 AM,C,-3.425
1/1/12 8:04:01 AM,C,-3.93
1/1/12 8:19:01 AM,C,-3.93
1/1/12 8:34:01 AM,C,-3.93
1/1/12 8:49:01 AM,C,-2.921
1/1/12 9:04:01 AM,C,-1.912
1/1/12 9:19:01 AM,C,-0.904
1/1/12 9:34:01 AM,C,-0.4
1/1/12 9:49:01 AM,C,0.104
1/1/12 10:04:01 AM,C,0.608
1/1/12 10:19:01 AM,C,1.616
1/1/12 10:34:01 AM,C,3.126
1/1/12 10:49:01 AM,C,3.63
1/1/12 11:04:01 AM,C,4.133
1/1/12 11:19:01 AM,C,5.14
1/1/12 11:34:01 AM,C,6.146
1/1/12 11:49:01 AM,C,7.152
1/1/12 12:04:01 PM,C,7.654
1/1/12 12:19:01 PM,C,8.157
1/1/12 12:34:01 PM,C,9.162
1/1/12 12:49:01 PM,C,11.674
1/1/12 1:04:01 PM,C,12.176
1/1/12 1:19:01 PM,C,14.184
1/1/12 1:34:01 PM,C,16.19
1/1/12 1:49:01 PM,C,14.685
1/1/12 2:04:01 PM,C,14.685
1/1/12 2:19:01 PM,C,19.698
1/1/12 2:34:01 PM,C,19.698
1/1/12 2:49:01 PM,C,18.195
1/1/12 3:04:01 PM,C,15.187
1/1/12 3:19:01 PM,C,15.689
1/1/12 3:34:01 PM,C,12.176
1/1/12 3:49:01 PM,C,11.172
1/1/12 4:04:01 PM,C,11.172
1/1/12 4:19:01 PM,C,10.67
1/1/12 4:34:01 PM,C,10.167
1/1/12 4:49:01 PM,C,9.162
1/1/12 5:04:01 PM,C,9.162
1/1/12 5:19:01 PM,C,8.157
1/1/12 5:34:01 PM,C,7.152
1/1/12 5:49:01 PM,C,6.146
1/1/12 6:04:01 PM,C,5.14
1/1/12 6:19:01 PM,C,4.636
1/1/12 6:34:01 PM,C,3.63
1/1/12 6:49:01 PM,C,2.119
1/1/12 7:04:01 PM,C,2.119
1/1/12 7:19:01 PM,C,2.119
1/1/12 7:34:01 PM,C,2.119
1/1/12 7:49:01 PM,C,0.608
1/1/12 8:04:01 PM,C,-0.904
1/1/12 8:19:01 PM,C,-1.912
1/1/12 8:34:01 PM,C,-2.417
1/1/12 8:49:01 PM,C,-2.921
1/1/12 9:04:01 PM,C,-2.921
1/1/12 9:19:01 PM,C,-2.921
1/1/12 9:34:01 PM,C,-2.921
1/1/12 9:49:01 PM,C,-3.425
1/1/12 10:04:01 PM,C,-3.425
1/1/12 10:19:01 PM,C,-4.435
1/1/12 10:34:01 PM,C,-4.435
1/1/12 10:49:01 PM,C,-4.939
1/1/12 11:04:01 PM,C,-4.939
1/1/12 11:19:01 PM,C,-4.435
1/1/12 11:34:01 PM,C,-4.939
1/1/12 11:49:01 PM,C,-4.435
1/2/12 12:04:01 AM,C,-5.444
1/2/12 12:19:01 AM,C,-4.939
1/2/12 12:34:01 AM,C,-5.444
1/2/12 12:49:01 AM,C,-3.425
1/2/12 1:04:01 AM,C,-3.425
1/2/12 1:19:01 AM,C,-2.921
1/2/12 1:34:01 AM,C,-3.93
1/2/12 1:49:01 AM,C,-4.435
1/2/12 2:04:01 AM,C,-4.939
1/2/12 2:19:01 AM,C,-4.939
1/2/12 2:34:01 AM,C,-3.93
1/2/12 2:49:01 AM,C,-4.939
1/2/12 3:04:01 AM,C,-4.939
1/2/12 3:19:01 AM,C,-4.939
1/2/12 3:34:01 AM,C,-5.444
1/2/12 3:49:01 AM,C,-5.949
1/2/12 4:04:01 AM,C,-5.949
1/2/12 4:19:01 AM,C,-6.454
1/2/12 4:34:01 AM,C,-5.949
1/2/12 4:49:01 AM,C,-6.959
1/2/12 5:04:01 AM,C,-6.454
1/2/12 5:19:01 AM,C,-7.464
1/2/12 5:34:01 AM,C,-7.464
1/2/12 5:49:01 AM,C,-7.464
1/2/12 6:04:01 AM,C,-6.959
1/2/12 6:19:01 AM,C,-6.454
1/2/12 6:34:01 AM,C,-6.959
1/2/12 6:49:01 AM,C,-7.464
1/2/12 7:04:01 AM,C,-6.959
1/2/12 7:19:01 AM,C,-7.464
1/2/12 7:34:01 AM,C,-7.464
1/2/12 7:49:01 AM,C,-6.454
1/2/12 8:04:01 AM,C,-7.464
1/2/12 8:19:01 AM,C,-7.464
1/2/12 8:34:01 AM,C,-7.464
1/2/12 8:49:01 AM,C,-6.959
1/2/12 9:04:01 AM,C,-6.959
1/2/12 9:19:01 AM,C,-5.949
1/2/12 9:34:01 AM,C,-3.425
1/2/12 9:49:01 AM,C,-0.904
1/2/12 10:04:01 AM,C,0.608
1/2/12 10:19:01 AM,C,2.119
1/2/12 10:34:01 AM,C,3.126
1/2/12 10:49:01 AM,C,4.133
1/2/12 11:04:01 AM,C,5.14
1/2/12 11:19:01 AM,C,6.146
1/2/12 11:34:01 AM,C,7.654
1/2/12 11:49:01 AM,C,8.157
1/2/12 12:04:01 PM,C,8.157
1/2/12 12:19:01 PM,C,8.157
1/2/12 12:34:01 PM,C,9.162
1/2/12 12:49:01 PM,C,11.172
1/2/12 1:04:01 PM,C,12.176
1/2/12 1:19:01 PM,C,12.678
1/2/12 1:34:01 PM,C,14.184
1/2/12 1:49:01 PM,C,14.184
1/2/12 2:04:01 PM,C,14.685
1/2/12 2:19:01 PM,C,18.696
1/2/12 2:34:01 PM,C,18.195
1/2/12 2:49:01 PM,C,17.694
1/2/12 3:04:01 PM,C,14.685
1/2/12 3:19:01 PM,C,14.685
1/2/12 3:34:01 PM,C,11.674
1/2/12 3:49:01 PM,C,10.67
1/2/12 4:04:01 PM,C,10.67
1/2/12 4:19:01 PM,C,11.172
1/2/12 4:34:01 PM,C,10.67
1/2/12 4:49:01 PM,C,10.167
1/2/12 5:04:01 PM,C,9.162
1/2/12 5:19:01 PM,C,8.157
1/2/12 5:34:01 PM,C,7.152
1/2/12 5:49:01 PM,C,6.146
1/2/12 6:04:01 PM,C,5.14
1/2/12 6:19:01 PM,C,4.636
1/2/12 6:34:01 PM,C,4.133
1/2/12 6:49:01 PM,C,3.63
1/2/12 7:04:01 PM,C,2.623
1/2/12 7:19:01 PM,C,1.616
1/2/12 7:34:01 PM,C,-0.4
1/2/12 7:49:01 PM,C,-1.408
1/2/12 8:04:01 PM,C,-1.912
1/2/12 8:19:01 PM,C,-2.921
1/2/12 8:34:01 PM,C,-2.921
1/2/12 8:49:01 PM,C,-3.425
1/2/12 9:04:01 PM,C,-2.921
1/2/12 9:19:01 PM,C,-2.921
1/2/12 9:34:01 PM,C,-3.425
1/2/12 9:49:01 PM,C,-3.93
1/2/12 10:04:01 PM,C,-3.93
1/2/12 10:19:01 PM,C,-3.425
1/2/12 10:34:01 PM,C,-3.93
1/2/12 10:49:01 PM,C,-3.93
1/2/12 11:04:01 PM,C,-4.435
1/2/12 11:19:01 PM,C,-4.435
1/2/12 11:34:01 PM,C,-4.435
1/2/12 11:49:01 PM,C,-5.444
1/3/12 12:04:01 AM,C,-4.435
1/3/12 12:19:01 AM,C,-3.93
1/3/12 12:34:01 AM,C,-3.93
1/3/12 12:49:01 AM,C,-3.93
1/3/12 1:04:01 AM,C,-3.93
1/3/12 1:19:01 AM,C,-3.93
1/3/12 1:34:01 AM,C,-3.425
1/3/12 1:49:01 AM,C,-3.425
1/3/12 2:04:01 AM,C,-4.435
1/3/12 2:19:01 AM,C,-3.425
1/3/12 2:34:01 AM,C,-3.93
1/3/12 2:49:01 AM,C,-3.425
1/3/12 3:04:01 AM,C,-4.435
1/3/12 3:19:01 AM,C,-3.425
1/3/12 3:34:01 AM,C,-2.921
1/3/12 3:49:01 AM,C,-3.425
1/3/12 4:04:01 AM,C,-2.921
1/3/12 4:19:01 AM,C,-0.904
1/3/12 4:34:01 AM,C,2.623
1/3/12 4:49:01 AM,C,6.146
1/3/12 5:04:01 AM,C,4.636
1/3/12 5:19:01 AM,C,5.643
1/3/12 5:34:01 AM,C,5.643
1/3/12 5:49:01 AM,C,6.146
1/3/12 6:04:01 AM,C,6.146
1/3/12 6:19:01 AM,C,6.146
1/3/12 6:34:01 AM,C,6.649
1/3/12 6:49:01 AM,C,5.643
1/3/12 7:04:01 AM,C,6.649
1/3/12 7:19:01 AM,C,6.649
1/3/12 7:34:01 AM,C,6.649
1/3/12 7:49:01 AM,C,6.146
1/3/12 8:04:01 AM,C,6.649
1/3/12 8:19:01 AM,C,6.146
1/3/12 8:34:01 AM,C,7.152
1/3/12 8:49:01 AM,C,6.146
1/3/12 9:04:01 AM,C,8.157
1/3/12 9:19:01 AM,C,9.162
1/3/12 9:34:01 AM,C,9.665
1/3/12 9:49:01 AM,C,10.167
1/3/12 10:04:01 AM,C,10.67
1/3/12 10:19:01 AM,C,10.167
1/3/12 10:34:01 AM,C,11.172
1/3/12 10:49:01 AM,C,11.172
1/3/12 11:04:01 AM,C,11.172
1/3/12 11:19:01 AM,C,11.172
1/3/12 11:34:01 AM,C,11.674
1/3/12 11:49:01 AM,C,12.176
1/3/12 12:04:01 PM,C,13.18
1/3/12 12:19:01 PM,C,13.18
1/3/12 12:34:01 PM,C,13.682
1/3/12 12:49:01 PM,C,15.187
1/3/12 1:04:01 PM,C,15.187
1/3/12 1:19:01 PM,C,16.692
1/3/12 1:34:01 PM,C,17.193
1/3/12 1:49:01 PM,C,17.193
1/3/12 2:04:01 PM,C,17.193
1/3/12 2:19:01 PM,C,20.7
1/3/12 2:34:01 PM,C,21.2
1/3/12 2:49:01 PM,C,20.199
1/3/12 3:04:01 PM,C,18.696
1/3/12 3:19:01 PM,C,19.698
1/3/12 3:34:01 PM,C,16.692
1/3/12 3:49:01 PM,C,15.689
1/3/12 4:04:01 PM,C,15.689
1/3/12 4:19:01 PM,C,16.19
1/3/12 4:34:01 PM,C,15.689
1/3/12 4:49:01 PM,C,15.187
1/3/12 5:04:01 PM,C,14.685
1/3/12 5:19:01 PM,C,14.184
1/3/12 5:34:01 PM,C,13.18
1/3/12 5:49:01 PM,C,12.176
1/3/12 6:04:01 PM,C,10.167
1/3/12 6:19:01 PM,C,8.66
1/3/12 6:34:01 PM,C,7.654
1/3/12 6:49:01 PM,C,8.66
1/3/12 7:04:01 PM,C,8.157
1/3/12 7:19:01 PM,C,8.157
1/3/12 7:34:01 PM,C,7.152
1/3/12 7:49:01 PM,C,8.157
1/3/12 8:04:01 PM,C,10.167
1/3/12 8:19:01 PM,C,10.67
1/3/12 8:34:01 PM,C,10.67
1/3/12 8:49:01 PM,C,10.67
1/3/12 9:04:01 PM,C,10.167
1/3/12 9:19:01 PM,C,10.167
1/3/12 9:34:01 PM,C,10.167
1/3/12 9:49:01 PM,C,9.665
1/3/12 10:04:01 PM,C,10.167
1/3/12 10:19:01 PM,C,10.167
1/3/12 10:34:01 PM,C,10.167
1/3/12 10:49:01 PM,C,10.67
1/3/12 11:04:01 PM,C,10.167
1/3/12 11:19:01 PM,C,10.167
1/3/12 11:34:01 PM,C,10.167
1/3/12 11:49:01 PM,C,10.167
1/4/12 12:04:01 AM,C,9.665
1/4/12 12:19:01 AM,C,9.665
1/4/12 12:34:01 AM,C,9.665
1/4/12 12:49:01 AM,C,9.665
1/4/12 1:04:01 AM,C,9.162
1/4/12 1:19:01 AM,C,9.162
1/4/12 1:34:01 AM,C,8.66
1/4/12 1:49:01 AM,C,8.66
1/4/12 2:04:01 AM,C,8.157
1/4/12 2:19:01 AM,C,8.157
1/4/12 2:34:01 AM,C,7.654
1/4/12 2:49:01 AM,C,7.654
1/4/12 3:04:01 AM,C,8.157
1/4/12 3:19:01 AM,C,8.157
1/4/12 3:34:01 AM,C,8.157
1/4/12 3:49:01 AM,C,8.157
1/4/12 4:04:01 AM,C,7.152
1/4/12 4:19:01 AM,C,6.146
1/4/12 4:34:01 AM,C,4.636
1/4/12 4:49:01 AM,C,3.126
1/4/12 5:04:01 AM,C,1.616
1/4/12 5:19:01 AM,C,1.112
1/4/12 5:34:01 AM,C,-0.4
1/4/12 5:49:01 AM,C,-1.408
1/4/12 6:04:01 AM,C,-0.4
1/4/12 6:19:01 AM,C,-0.4
1/4/12 6:34:01 AM,C,-0.4
1/4/12 6:49:01 AM,C,-0.904
1/4/12 7:04:01 AM,C,-0.4
1/4/12 7:19:01 AM,C,-0.904
1/4/12 7:34:01 AM,C,-0.4
1/4/12 7:49:01 AM,C,5.643
1/4/12 8:04:01 AM,C,5.643
1/4/12 8:19:01 AM,C,4.636
1/4/12 8:34:01 AM,C,4.636
1/4/12 8:49:01 AM,C,5.14
1/4/12 9:04:01 AM,C,5.14
1/4/12 9:19:01 AM,C,5.14
1/4/12 9:34:01 AM,C,5.14
1/4/12 9:49:01 AM,C,5.643
1/4/12 10:04:01 AM,C,5.14
1/4/12 10:19:01 AM,C,5.14
1/4/12 10:34:01 AM,C,5.643
1/4/12 10:49:01 AM,C,5.643
1/4/12 11:04:01 AM,C,6.146
1/4/12 11:19:01 AM,C,7.152
1/4/12 11:34:01 AM,C,7.152
1/4/12 11:49:01 AM,C,7.152
1/4/12 12:04:01 PM,C,7.654
1/4/12 12:19:01 PM,C,7.654
1/4/12 12:34:01 PM,C,8.66
1/4/12 12:49:01 PM,C,9.665
1/4/12 1:04:01 PM,C,10.67
1/4/12 1:19:01 PM,C,11.172
1/4/12 1:34:01 PM,C,12.678
1/4/12 1:49:01 PM,C,13.18
1/4/12 2:04:01 PM,C,12.678
1/4/12 2:19:01 PM,C,15.187
1/4/12 2:34:01 PM,C,14.685
1/4/12 2:49:01 PM,C,14.184
1/4/12 3:04:01 PM,C,12.678
1/4/12 3:19:01 PM,C,11.674
1/4/12 3:34:01 PM,C,10.167
1/4/12 3:49:01 PM,C,9.162
1/4/12 4:04:01 PM,C,9.162
1/4/12 4:19:01 PM,C,9.162
1/4/12 4:34:01 PM,C,8.66
1/4/12 4:49:01 PM,C,8.157
1/4/12 5:04:01 PM,C,7.654
1/4/12 5:19:01 PM,C,7.654
1/4/12 5:34:01 PM,C,6.649
1/4/12 5:49:01 PM,C,6.146
1/4/12 6:04:01 PM,C,5.643
1/4/12 6:19:01 PM,C,5.14
1/4/12 6:34:01 PM,C,4.133
1/4/12 6:49:01 PM,C,3.126
1/4/12 7:04:01 PM,C,1.616
1/4/12 7:19:01 PM,C,0.104
1/4/12 7:34:01 PM,C,-0.4
1/4/12 7:49:01 PM,C,-0.4
1/4/12 8:04:01 PM,C,-1.912
1/4/12 8:19:01 PM,C,-2.417
1/4/12 8:34:01 PM,C,-2.921
1/4/12 8:49:01 PM,C,-2.417
1/4/12 9:04:01 PM,C,-3.425
1/4/12 9:19:01 PM,C,-3.425
1/4/12 9:34:01 PM,C,-3.93
1/4/12 9:49:01 PM,C,-3.425
1/4/12 10:04:01 PM,C,-3.93
1/4/12 10:19:01 PM,C,-4.435
1/4/12 10:34:01 PM,C,-4.435
1/4/12 10:49:01 PM,C,-4.435
1/4/12 11:04:01 PM,C,-4.435
1/4/12 11:19:01 PM,C,-2.921
1/4/12 11:34:01 PM,C,-4.435
1/4/12 11:49:01 PM,C,-3.93
1/5/12 12:04:01 AM,C,-3.93
1/5/12 12:19:01 AM,C,-3.93
1/5/12 12:34:01 AM,C,-4.435
1/5/12 12:49:01 AM,C,-4.939
1/5/12 1:04:01 AM,C,-4.939
1/5/12 1:19:01 AM,C,-5.444
1/5/12 1:34:01 AM,C,-4.435
1/5/12 1:49:01 AM,C,-4.939
1/5/12 2:04:01 AM,C,-4.435
1/5/12 2:19:01 AM,C,-4.435
1/5/12 2:34:01 AM,C,-5.444
1/5/12 2:49:01 AM,C,-4.939
1/5/12 3:04:01 AM,C,-5.949
1/5/12 3:19:01 AM,C,-5.444
1/5/12 3:34:01 AM,C,-5.444
1/5/12 3:49:01 AM,C,-4.939
1/5/12 4:04:01 AM,C,-5.444
1/5/12 4:19:01 AM,C,-5.444
1/5/12 4:34:01 AM,C,-6.959
1/5/12 4:49:01 AM,C,-5.949
1/5/12 5:04:01 AM,C,-5.949
1/5/12 5:19:01 AM,C,-5.444
1/5/12 5:34:01 AM,C,-6.454
1/5/12 5:49:01 AM,C,-6.959
1/5/12 6:04:01 AM,C,-6.454
1/5/12 6:19:01 AM,C,-6.959
1/5/12 6:34:01 AM,C,-6.959
1/5/12 6:49:01 AM,C,-5.949
1/5/12 7:04:01 AM,C,-6.959
1/5/12 7:19:01 AM,C,-7.464
1/5/12 7:34:01 AM,C,-7.464
1/5/12 7:49:01 AM,C,-5.949
1/5/12 8:04:01 AM,C,-5.444
1/5/12 8:19:01 AM,C,-5.444
1/5/12 8:34:01 AM,C,-5.949
1/5/12 8:49:01 AM,C,-5.444
1/5/12 9:04:01 AM,C,-4.939
1/5/12 9:19:01 AM,C,-2.417
1/5/12 9:34:01 AM,C,-1.408
1/5/12 9:49:01 AM,C,1.112
1/5/12 10:04:01 AM,C,2.623
1/5/12 10:19:01 AM,C,4.133
1/5/12 10:34:01 AM,C,5.643
1/5/12 10:49:01 AM,C,7.152
1/5/12 11:04:01 AM,C,8.157
1/5/12 11:19:01 AM,C,8.157
1/5/12 11:34:01 AM,C,8.66
1/5/12 11:49:01 AM,C,9.665
1/5/12 12:04:01 PM,C,9.665
1/5/12 12:19:01 PM,C,10.167
1/5/12 12:34:01 PM,C,10.67
1/5/12 12:49:01 PM,C,11.674
1/5/12 1:04:01 PM,C,13.682
1/5/12 1:19:01 PM,C,13.18
1/5/12 1:34:01 PM,C,15.187
1/5/12 1:49:01 PM,C,15.187
1/5/12 2:04:01 PM,C,14.685
1/5/12 2:19:01 PM,C,18.195
1/5/12 2:34:01 PM,C,18.696
1/5/12 2:49:01 PM,C,17.193
1/5/12 3:04:01 PM,C,15.689
1/5/12 3:19:01 PM,C,15.187
1/5/12 3:34:01 PM,C,12.176
1/5/12 3:49:01 PM,C,11.674
1/5/12 4:04:01 PM,C,11.674
1/5/12 4:19:01 PM,C,11.674
1/5/12 4:34:01 PM,C,10.67
1/5/12 4:49:01 PM,C,10.67
1/5/12 5:04:01 PM,C,10.167
1/5/12 5:19:01 PM,C,9.665
1/5/12 5:34:01 PM,C,9.162
1/5/12 5:49:01 PM,C,8.157
1/5/12 6:04:01 PM,C,7.152
1/5/12 6:19:01 PM,C,5.643
1/5/12 6:34:01 PM,C,6.146
1/5/12 6:49:01 PM,C,6.649
1/5/12 7:04:01 PM,C,5.14
1/5/12 7:19:01 PM,C,3.126
1/5/12 7:34:01 PM,C,1.112
1/5/12 7:49:01 PM,C,5.14
1/5/12 8:04:01 PM,C,7.152
1/5/12 8:19:01 PM,C,7.152
1/5/12 8:34:01 PM,C,4.636
1/5/12 8:49:01 PM,C,3.63
1/5/12 9:04:01 PM,C,6.146
1/5/12 9:19:01 PM,C,7.152
1/5/12 9:34:01 PM,C,5.14
1/5/12 9:49:01 PM,C,5.643
1/5/12 10:04:01 PM,C,6.649
1/5/12 10:19:01 PM,C,5.643
1/5/12 10:34:01 PM,C,6.649
1/5/12 10:49:01 PM,C,6.649
1/5/12 11:04:01 PM,C,6.649
1/5/12 11:19:01 PM,C,6.649
1/5/12 11:34:01 PM,C,6.649
1/5/12 11:49:01 PM,C,7.152
1/6/12 12:04:01 AM,C,7.152
1/6/12 12:19:01 AM,C,7.152
1/6/12 12:34:01 AM,C,7.152
1/6/12 12:49:01 AM,C,6.649
1/6/12 1:04:01 AM,C,7.152
1/6/12 1:19:01 AM,C,7.654
1/6/12 1:34:01 AM,C,7.654
1/6/12 1:49:01 AM,C,7.654
1/6/12 2:04:01 AM,C,8.157
1/6/12 2:19:01 AM,C,8.66
1/6/12 2:34:01 AM,C,8.157
1/6/12 2:49:01 AM,C,8.157
1/6/12 3:04:01 AM,C,8.157
1/6/12 3:19:01 AM,C,8.66
1/6/12 3:34:01 AM,C,8.157
1/6/12 3:49:01 AM,C,7.654
1/6/12 4:04:01 AM,C,8.157
1/6/12 4:19:01 AM,C,7.654
1/6/12 4:34:01 AM,C,7.654
1/6/12 4:49:01 AM,C,7.654
1/6/12 5:04:01 AM,C,8.157
1/6/12 5:19:01 AM,C,8.157
1/6/12 5:34:01 AM,C,8.157
1/6/12 5:49:01 AM,C,7.654
1/6/12 6:04:01 AM,C,7.152
1/6/12 6:19:01 AM,C,7.152
1/6/12 6:34:01 AM,C,7.654
1/6/12 6:49:01 AM,C,7.152
1/6/12 7:04:01 AM,C,7.654
1/6/12 7:19:01 AM,C,7.654
1/6/12 7:34:01 AM,C,7.654
1/6/12 7:49:01 AM,C,7.654
1/6/12 8:04:01 AM,C,7.152
1/6/12 8:19:01 AM,C,7.654
1/6/12 8:34:01 AM,C,7.654
1/6/12 8:49:01 AM,C,7.654
1/6/12 9:04:01 AM,C,8.157
1/6/12 9:19:01 AM,C,8.66
1/6/12 9:34:01 AM,C,8.66
1/6/12 9:49:01 AM,C,9.162
1/6/12 10:04:01 AM,C,9.665
1/6/12 10:19:01 AM,C,9.665
1/6/12 10:34:01 AM,C,10.167
1/6/12 10:49:01 AM,C,10.167
1/6/12 11:04:01 AM,C,10.167
1/6/12 11:19:01 AM,C,10.167
1/6/12 11:34:01 AM,C,11.172
1/6/12 11:49:01 AM,C,11.172
1/6/12 12:04:01 PM,C,11.674
1/6/12 12:19:01 PM,C,12.176
1/6/12 12:34:01 PM,C,12.678
1/6/12 12:49:01 PM,C,13.18
1/6/12 1:04:01 PM,C,14.184
1/6/12 1:19:01 PM,C,14.184
1/6/12 1:34:01 PM,C,15.689
1/6/12 1:49:01 PM,C,16.19
1/6/12 2:04:01 PM,C,15.689
1/6/12 2:19:01 PM,C,18.195
1/6/12 2:34:01 PM,C,18.195
1/6/12 2:49:01 PM,C,17.193
1/6/12 3:04:01 PM,C,15.689
1/6/12 3:19:01 PM,C,15.689
1/6/12 3:34:01 PM,C,14.184
1/6/12 3:49:01 PM,C,13.18
1/6/12 4:04:01 PM,C,13.18
1/6/12 4:19:01 PM,C,13.682
1/6/12 4:34:01 PM,C,12.678
1/6/12 4:49:01 PM,C,12.678
1/6/12 5:04:01 PM,C,12.176
1/6/12 5:19:01 PM,C,12.176
1/6/12 5:34:01 PM,C,11.674
1/6/12 5:49:01 PM,C,11.172
1/6/12 6:04:01 PM,C,11.172
1/6/12 6:19:01 PM,C,11.172
1/6/12 6:34:01 PM,C,10.67
1/6/12 6:49:01 PM,C,10.167
1/6/12 7:04:01 PM,C,10.167
1/6/12 7:19:01 PM,C,10.167
1/6/12 7:34:01 PM,C,10.167
1/6/12 7:49:01 PM,C,10.167
1/6/12 8:04:01 PM,C,9.665
1/6/12 8:19:01 PM,C,9.162
1/6/12 8:34:01 PM,C,8.66
1/6/12 8:49:01 PM,C,8.66
1/6/12 9:04:01 PM,C,9.162
1/6/12 9:19:01 PM,C,8.66
1/6/12 9:34:01 PM,C,9.162
1/6/12 9:49:01 PM,C,8.157
1/6/12 10:04:01 PM,C,8.66
1/6/12 10:19:01 PM,C,8.157
1/6/12 10:34:01 PM,C,7.654
1/6/12 10:49:01 PM,C,8.157
1/6/12 11:04:01 PM,C,6.146
1/6/12 11:19:01 PM,C,5.643
1/6/12 11:34:01 PM,C,5.14
1/6/12 11:49:01 PM,C,1.616
1/7/12 12:04:01 AM,C,1.112
1/7/12 12:19:01 AM,C,2.119
1/7/12 12:34:01 AM,C,0.608
1/7/12 12:49:01 AM,C,0.104
1/7/12 1:04:01 AM,C,0.104
1/7/12 1:19:01 AM,C,0.104
1/7/12 1:34:01 AM,C,-0.4
1/7/12 1:49:01 AM,C,-1.408
1/7/12 2:04:01 AM,C,-0.4
1/7/12 2:19:01 AM,C,-1.912
1/7/12 2:34:01 AM,C,-2.921
1/7/12 2:49:01 AM,C,-2.417
1/7/12 3:04:01 AM,C,-2.921
1/7/12 3:19:01 AM,C,-3.425
1/7/12 3:34:01 AM,C,-3.425
1/7/12 3:49:01 AM,C,-3.425
1/7/12 4:04:01 AM,C,-3.93
1/7/12 4:19:01 AM,C,-3.425
1/7/12 4:34:01 AM,C,-3.425
1/7/12 4:49:01 AM,C,-3.93
1/7/12 5:04:01 AM,C,-4.939
1/7/12 5:19:01 AM,C,-4.435
1/7/12 5:34:01 AM,C,-4.435
1/7/12 5:49:01 AM,C,-4.435
1/7/12 6:04:01 AM,C,-3.425
1/7/12 6:19:01 AM,C,-3.93
1/7/12 6:34:01 AM,C,-3.425
1/7/12 6:49:01 AM,C,-4.939
1/7/12 7:04:01 AM,C,-4.435
1/7/12 7:19:01 AM,C,-4.435
1/7/12 7:34:01 AM,C,-5.444
1/7/12 7:49:01 AM,C,-5.444
1/7/12 8:04:01 AM,C,-4.939
1/7/12 8:19:01 AM,C,-4.435
1/7/12 8:34:01 AM,C,-2.417
1/7/12 8:49:01 AM,C,-3.93
1/7/12 9:04:01 AM,C,-2.417
1/7/12 9:19:01 AM,C,0.608
1/7/12 9:34:01 AM,C,1.112
1/7/12 9:49:01 AM,C,5.14
1/7/12 10:04:01 AM,C,9.665
1/7/12 10:19:01 AM,C,10.167
1/7/12 10:34:01 AM,C,10.67
1/7/12 10:49:01 AM,C,10.167
1/7/12 11:04:01 AM,C,10.67
1/7/12 11:19:01 AM,C,11.674
1/7/12 11:34:01 AM,C,12.176
1/7/12 11:49:01 AM,C,11.674
1/7/12 12:04:01 PM,C,12.678
1/7/12 12:19:01 PM,C,12.678
1/7/12 12:34:01 PM,C,12.176
1/7/12 12:49:01 PM,C,12.176
1/7/12 1:04:01 PM,C,12.176
1/7/12 1:19:01 PM,C,12.176
1/7/12 1:34:01 PM,C,13.18
1/7/12 1:49:01 PM,C,13.18
1/7/12 2:04:01 PM,C,14.685
1/7/12 2:19:01 PM,C,14.685
1/7/12 2:34:01 PM,C,13.682
1/7/12 2:49:01 PM,C,13.682
1/7/12 3:04:01 PM,C,13.18
1/7/12 3:19:01 PM,C,13.682
1/7/12 3:34:01 PM,C,14.184
1/7/12 3:49:01 PM,C,13.682
1/7/12 4:04:01 PM,C,13.18
1/7/12 4:19:01 PM,C,13.18
1/7/12 4:34:01 PM,C,12.176
1/7/12 4:49:01 PM,C,12.176
1/7/12 5:04:01 PM,C,12.176
1/7/12 5:19:01 PM,C,11.674
1/7/12 5:34:01 PM,C,11.172
1/7/12 5:49:01 PM,C,11.172
1/7/12 6:04:01 PM,C,10.167
1/7/12 6:19:01 PM,C,10.167
1/7/12 6:34:01 PM,C,9.162
1/7/12 6:49:01 PM,C,8.66
1/7/12 7:04:01 PM,C,8.157
1/7/12 7:19:01 PM,C,7.654
1/7/12 7:34:01 PM,C,7.654
1/7/12 7:49:01 PM,C,10.167
1/7/12 8:04:01 PM,C,10.167
1/7/12 8:19:01 PM,C,10.167
1/7/12 8:34:01 PM,C,10.67
1/7/12 8:49:01 PM,C,9.665
1/7/12 9:04:01 PM,C,8.66
1/7/12 9:19:01 PM,C,6.649
1/7/12 9:34:01 PM,C,4.133
1/7/12 9:49:01 PM,C,3.126
1/7/12 10:04:01 PM,C,2.119
1/7/12 10:19:01 PM,C,1.112
1/7/12 10:34:01 PM,C,1.112
1/7/12 10:49:01 PM,C,0.104
1/7/12 11:04:01 PM,C,0.608
1/7/12 11:19:01 PM,C,0.608
1/7/12 11:34:01 PM,C,0.608
1/7/12 11:49:01 PM,C,1.112
1/8/12 12:04:01 AM,C,2.119
1/8/12 12:19:01 AM,C,2.119
1/8/12 12:34:01 AM,C,1.616
1/8/12 12:49:01 AM,C,1.112
1/8/12 1:04:01 AM,C,0.104
1/8/12 1:19:01 AM,C,0.104
1/8/12 1:34:01 AM,C,1.112
1/8/12 1:49:01 AM,C,0.608
1/8/12 2:04:01 AM,C,1.112
1/8/12 2:19:01 AM,C,1.112
1/8/12 2:34:01 AM,C,1.616
1/8/12 2:49:01 AM,C,2.119
1/8/12 3:04:01 AM,C,2.623
1/8/12 3:19:01 AM,C,3.126
1/8/12 3:34:01 AM,C,3.63
1/8/12 3:49:01 AM,C,3.63
1/8/12 4:04:01 AM,C,3.63
1/8/12 4:19:01 AM,C,3.63
1/8/12 4:34:01 AM,C,4.636
1/8/12 4:49:01 AM,C,7.654
1/8/12 5:04:01 AM,C,6.146
1/8/12 5:19:01 AM,C,4.636
1/8/12 5:34:01 AM,C,3.63
1/8/12 5:49:01 AM,C,2.119
1/8/12 6:04:01 AM,C,1.112
1/8/12 6:19:01 AM,C,1.112
1/8/12 6:34:01 AM,C,0.104
1/8/12 6:49:01 AM,C,1.616
1/8/12 7:04:01 AM,C,1.616
1/8/12 7:19:01 AM,C,0.608
1/8/12 7:34:01 AM,C,2.623
1/8/12 7:49:01 AM,C,2.623
1/8/12 8:04:01 AM,C,2.119
1/8/12 8:19:01 AM,C,2.119
1/8/12 8:34:01 AM,C,3.126
1/8/12 8:49:01 AM,C,4.133
1/8/12 9:04:01 AM,C,5.14
1/8/12 9:19:01 AM,C,5.14
1/8/12 9:34:01 AM,C,5.14
1/8/12 9:49:01 AM,C,5.643
1/8/12 10:04:01 AM,C,6.649
1/8/12 10:19:01 AM,C,6.649
1/8/12 10:34:01 AM,C,8.66
1/8/12 10:49:01 AM,C,9.162
1/8/12 11:04:01 AM,C,9.665
1/8/12 11:19:01 AM,C,9.665
1/8/12 11:34:01 AM,C,10.67
1/8/12 11:49:01 AM,C,11.172
1/8/12 12:04:01 PM,C,11.674
1/8/12 12:19:01 PM,C,12.678
1/8/12 12:34:01 PM,C,12.678
1/8/12 12:49:01 PM,C,13.18
1/8/12 1:04:01 PM,C,14.685
1/8/12 1:19:01 PM,C,13.682
1/8/12 1:34:01 PM,C,17.193
1/8/12 1:49:01 PM,C,17.193
1/8/12 2:04:01 PM,C,16.19
1/8/12 2:19:01 PM,C,19.197
1/8/12 2:34:01 PM,C,20.199
1/8/12 2:49:01 PM,C,19.197
1/8/12 3:04:01 PM,C,18.195
1/8/12 3:19:01 PM,C,16.692
1/8/12 3:34:01 PM,C,13.682
1/8/12 3:49:01 PM,C,12.176
1/8/12 4:04:01 PM,C,11.674
1/8/12 4:19:01 PM,C,10.67
1/8/12 4:34:01 PM,C,9.665
1/8/12 4:49:01 PM,C,9.162
1/8/12 5:04:01 PM,C,8.66
1/8/12 5:19:01 PM,C,7.654
1/8/12 5:34:01 PM,C,7.152
1/8/12 5:49:01 PM,C,6.146
1/8/12 6:04:01 PM,C,5.14
1/8/12 6:19:01 PM,C,4.636
1/8/12 6:34:01 PM,C,4.133
1/8/12 6:49:01 PM,C,3.63
1/8/12 7:04:01 PM,C,3.126
1/8/12 7:19:01 PM,C,3.126
1/8/12 7:34:01 PM,C,3.63
1/8/12 7:49:01 PM,C,4.133
1/8/12 8:04:01 PM,C,4.133
1/8/12 8:19:01 PM,C,4.133
1/8/12 8:34:01 PM,C,4.133
1/8/12 8:49:01 PM,C,4.133
1/8/12 9:04:01 PM,C,3.63
1/8/12 9:19:01 PM,C,3.63
1/8/12 9:34:01 PM,C,3.126
1/8/12 9:49:01 PM,C,2.623
1/8/12 10:04:01 PM,C,2.119
1/8/12 10:19:01 PM,C,2.119
1/8/12 10:34:01 PM,C,2.119
1/8/12 10:49:01 PM,C,2.119
1/8/12 11:04:01 PM,C,2.119
1/8/12 11:19:01 PM,C,2.119
1/8/12 11:34:01 PM,C,2.119
1/8/12 11:49:01 PM,C,1.616
1/9/12 12:04:01 AM,C,1.616
1/9/12 12:19:01 AM,C,1.112
1/9/12 12:34:01 AM,C,0.608
1/9/12 12:49:01 AM,C,0.608
1/9/12 1:04:01 AM,C,0.608
1/9/12 1:19:01 AM,C,0.608
1/9/12 1:34:01 AM,C,0.608
1/9/12 1:49:01 AM,C,0.608
1/9/12 2:04:01 AM,C,0.104
1/9/12 2:19:01 AM,C,0.104
1/9/12 2:34:01 AM,C,0.104
1/9/12 2:49:01 AM,C,0.104
1/9/12 3:04:01 AM,C,0.104
1/9/12 3:19:01 AM,C,-0.4
1/9/12 3:34:01 AM,C,-0.4
1/9/12 3:49:01 AM,C,-0.4
1/9/12 4:04:01 AM,C,-0.4
1/9/12 4:19:01 AM,C,-0.4
1/9/12 4:34:01 AM,C,-0.4
1/9/12 4:49:01 AM,C,-0.904
1/9/12 5:04:01 AM,C,-0.904
1/9/12 5:19:01 AM,C,-0.904
1/9/12 5:34:01 AM,C,-1.408
1/9/12 5:49:01 AM,C,-1.408
1/9/12 6:04:01 AM,C,-1.408
1/9/12 6:19:01 AM,C,-1.912
1/9/12 6:34:01 AM,C,-1.912
1/9/12 6:49:01 AM,C,-1.912
1/9/12 7:04:01 AM,C,-1.912
1/9/12 7:19:01 AM,C,-1.912
1/9/12 7:34:01 AM,C,-1.912
1/9/12 7:49:01 AM,C,-1.912
1/9/12 8:04:01 AM,C,-1.912
1/9/12 8:19:01 AM,C,-1.912
1/9/12 8:34:01 AM,C,-1.912
1/9/12 8:49:01 AM,C,-1.912
1/9/12 9:04:01 AM,C,-1.912
1/9/12 9:19:01 AM,C,-1.912
1/9/12 9:34:01 AM,C,-1.408
1/9/12 9:49:01 AM,C,-0.904
1/9/12 10:04:01 AM,C,-0.904
1/9/12 10:19:01 AM,C,-1.408
1/9/12 10:34:01 AM,C,-1.408
1/9/12 10:49:01 AM,C,-1.408
1/9/12 11:04:01 AM,C,-1.912
1/9/12 11:19:01 AM,C,-1.408
1/9/12 11:34:01 AM,C,-0.4
1/9/12 11:49:01 AM,C,-0.904
1/9/12 12:04:01 PM,C,-1.408
1/9/12 12:19:01 PM,C,-1.408
1/9/12 12:34:01 PM,C,-1.408
1/9/12 12:49:01 PM,C,-1.408
1/9/12 1:04:01 PM,C,-0.4
1/9/12 1:19:01 PM,C,0.104
1/9/12 1:34:01 PM,C,-0.4
1/9/12 1:49:01 PM,C,-0.4
1/9/12 2:04:01 PM,C,-0.904
1/9/12 2:19:01 PM,C,-1.408
1/9/12 2:34:01 PM,C,-1.408
1/9/12 2:49:01 PM,C,-0.904
1/9/12 3:04:01 PM,C,-0.904
1/9/12 3:19:01 PM,C,-0.904
1/9/12 3:34:01 PM,C,-1.408
1/9/12 3:49:01 PM,C,-1.912
1/9/12 4:04:01 PM,C,-1.912
1/9/12 4:19:01 PM,C,-2.417
1/9/12 4:34:01 PM,C,-2.417
1/9/12 4:49:01 PM,C,-2.417
1/9/12 5:04:01 PM,C,-2.417
1/9/12 5:19:01 PM,C,-2.417
1/9/12 5:34:01 PM,C,-2.921
1/9/12 5:49:01 PM,C,-2.921
1/9/12 6:04:01 PM,C,-2.921
1/9/12 6:19:01 PM,C,-3.425
1/9/12 6:34:01 PM,C,-2.921
1/9/12 6:49:01 PM,C,-3.425
1/9/12 7:04:01 PM,C,-2.921
1/9/12 7:19:01 PM,C,-2.921
1/9/12 7:34:01 PM,C,-2.921
1/9/12 7:49:01 PM,C,-2.921
1/9/12 8:04:01 PM,C,-2.921
1/9/12 8:19:01 PM,C,-2.417
1/9/12 8:34:01 PM,C,-2.417
1/9/12 8:49:01 PM,C,-2.417
1/9/12 9:04:01 PM,C,-2.417
1/9/12 9:19:01 PM,C,-2.417
1/9/12 9:34:01 PM,C,-2.417
1/9/12 9:49:01 PM,C,-2.417
1/9/12 10:04:01 PM,C,-2.417
1/9/12 10:19:01 PM,C,-2.417
1/9/12 10:34:01 PM,C,-2.417
1/9/12 10:49:01 PM,C,-2.417
1/9/12 11:04:01 PM,C,-2.417
1/9/12 11:19:01 PM,C,-2.417
1/9/12 11:34:01 PM,C,-2.417
1/9/12 11:49:01 PM,C,-2.417
1/10/12 12:04:01 AM,C,-2.417
1/10/12 12:19:01 AM,C,-2.417
1/10/12 12:34:01 AM,C,-2.417
1/10/12 12:49:01 AM,C,-2.417
1/10/12 1:04:01 AM,C,-2.417
1/10/12 1:19:01 AM,C,-2.417
1/10/12 1:34:01 AM,C,-2.417
1/10/12 1:49:01 AM,C,-2.417
1/10/12 2:04:01 AM,C,-2.417
1/10/12 2:19:01 AM,C,-2.921
1/10/12 2:34:01 AM,C,-3.93
1/10/12 2:49:01 AM,C,-2.921
1/10/12 3:04:01 AM,C,-3.425
1/10/12 3:19:01 AM,C,-4.435
1/10/12 3:34:01 AM,C,-3.425
1/10/12 3:49:01 AM,C,-1.912
1/10/12 4:04:01 AM,C,-2.921
1/10/12 4:19:01 AM,C,-2.921
1/10/12 4:34:01 AM,C,-1.912
1/10/12 4:49:01 AM,C,-1.912
1/10/12 5:04:01 AM,C,-1.408
1/10/12 5:19:01 AM,C,-1.408
1/10/12 5:34:01 AM,C,-0.904
1/10/12 5:49:01 AM,C,-0.904
1/10/12 6:04:01 AM,C,-0.904
1/10/12 6:19:01 AM,C,-0.904
1/10/12 6:34:01 AM,C,-0.904
1/10/12 6:49:01 AM,C,-1.408
1/10/12 7:04:01 AM,C,-1.408
1/10/12 7:19:01 AM,C,-0.904
1/10/12 7:34:01 AM,C,-0.904
1/10/12 7:49:01 AM,C,-0.904
1/10/12 8:04:01 AM,C,-0.904
1/10/12 8:19:01 AM,C,-0.904
1/10/12 8:34:01 AM,C,-0.904
1/10/12 8:49:01 AM,C,-0.904
1/10/12 9:04:01 AM,C,-0.904
1/10/12 9:19:01 AM,C,-0.904
1/10/12 9:34:01 AM,C,-0.4
1/10/12 9:49:01 AM,C,-0.4
1/10/12 10:04:01 AM,C,0.104
1/10/12 10:19:01 AM,C,0.608
1/10/12 10:34:01 AM,C,1.112
1/10/12 10:49:01 AM,C,1.616
1/10/12 11:04:01 AM,C,1.616
1/10/12 11:19:01 AM,C,1.616
1/10/12 11:34:01 AM,C,2.119
1/10/12 11:49:01 AM,C,2.623
1/10/12 12:04:01 PM,C,3.126
1/10/12 12:19:01 PM,C,3.63
1/10/12 12:34:01 PM,C,4.133
1/10/12 12:49:01 PM,C,4.133
1/10/12 1:04:01 PM,C,5.14
1/10/12 1:19:01 PM,C,5.14
1/10/12 1:34:01 PM,C,7.152
1/10/12 1:49:01 PM,C,8.157
1/10/12 2:04:01 PM,C,7.152
1/10/12 2:19:01 PM,C,10.67
1/10/12 2:34:01 PM,C,9.665
1/10/12 2:49:01 PM,C,9.162
1/10/12 3:04:01 PM,C,8.157
1/10/12 3:19:01 PM,C,8.157
1/10/12 3:34:01 PM,C,5.643
1/10/12 3:49:01 PM,C,5.14
1/10/12 4:04:01 PM,C,5.14
1/10/12 4:19:01 PM,C,5.643
1/10/12 4:34:01 PM,C,5.643
1/10/12 4:49:01 PM,C,6.146
1/10/12 5:04:01 PM,C,5.643
1/10/12 5:19:01 PM,C,5.643
1/10/12 5:34:01 PM,C,5.14
1/10/12 5:49:01 PM,C,5.14
1/10/12 6:04:01 PM,C,5.14
1/10/12 6:19:01 PM,C,5.14
1/10/12 6:34:01 PM,C,5.14
1/10/12 6:49:01 PM,C,5.643
1/10/12 7:04:01 PM,C,5.643
1/10/12 7:19:01 PM,C,5.643
1/10/12 7:34:01 PM,C,5.14
1/10/12 7:49:01 PM,C,5.14
1/10/12 8:04:01 PM,C,5.643
1/10/12 8:19:01 PM,C,4.636
1/10/12 8:34:01 PM,C,4.636
1/10/12 8:49:01 PM,C,4.636
1/10/12 9:04:01 PM,C,4.636
1/10/12 9:19:01 PM,C,5.643
1/10/12 9:34:01 PM,C,4.133
1/10/12 9:49:01 PM,C,4.133
1/10/12 10:04:01 PM,C,4.133
1/10/12 10:19:01 PM,C,4.636
1/10/12 10:34:01 PM,C,4.133
1/10/12 10:49:01 PM,C,3.63
1/10/12 11:04:01 PM,C,3.63
1/10/12 11:19:01 PM,C,4.133
1/10/12 11:34:01 PM,C,4.636
1/10/12 11:49:01 PM,C,4.636
1/11/12 12:04:01 AM,C,4.636
1/11/12 12:19:01 AM,C,4.636
1/11/12 12:34:01 AM,C,4.636
1/11/12 12:49:01 AM,C,4.636
1/11/12 1:04:01 AM,C,5.14
1/11/12 1:19:01 AM,C,5.643
1/11/12 1:34:01 AM,C,5.14
1/11/12 1:49:01 AM,C,5.14
1/11/12 2:04:01 AM,C,5.14
1/11/12 2:19:01 AM,C,5.643
1/11/12 2:34:01 AM,C,5.643
1/11/12 2:49:01 AM,C,5.643
1/11/12 3:04:01 AM,C,5.643
1/11/12 3:19:01 AM,C,5.643
1/11/12 3:34:01 AM,C,5.643
1/11/12 3:49:01 AM,C,5.643
1/11/12 4:04:01 AM,C,5.643
1/11/12 4:19:01 AM,C,5.14
1/11/12 4:34:01 AM,C,5.14
1/11/12 4:49:01 AM,C,4.636
1/11/12 5:04:01 AM,C,4.636
1/11/12 5:19:01 AM,C,4.636
1/11/12 5:34:01 AM,C,5.14
1/11/12 5:49:01 AM,C,5.14
1/11/12 6:04:01 AM,C,5.14
1/11/12 6:19:01 AM,C,5.14
1/11/12 6:34:01 AM,C,5.643
1/11/12 6:49:01 AM,C,5.643
1/11/12 7:04:01 AM,C,5.643
1/11/12 7:19:01 AM,C,5.643
1/11/12 7:34:01 AM,C,5.643
1/11/12 7:49:01 AM,C,5.643
1/11/12 8:04:01 AM,C,5.643
1/11/12 8:19:01 AM,C,5.643
1/11/12 8:34:01 AM,C,5.643
1/11/12 8:49:01 AM,C,6.146
1/11/12 9:04:01 AM,C,6.146
1/11/12 9:19:01 AM,C,6.649
1/11/12 9:34:01 AM,C,7.152
1/11/12 9:49:01 AM,C,7.152
1/11/12 10:04:01 AM,C,8.157
1/11/12 10:19:01 AM,C,9.665
1/11/12 10:34:01 AM,C,10.167
1/11/12 10:49:01 AM,C,10.167
1/11/12 11:04:01 AM,C,10.167
1/11/12 11:19:01 AM,C,10.167
1/11/12 11:34:01 AM,C,10.167
1/11/12 11:49:01 AM,C,10.167
1/11/12 12:04:01 PM,C,11.172
1/11/12 12:19:01 PM,C,10.167
1/11/12 12:34:01 PM,C,10.67
1/11/12 12:49:01 PM,C,11.172
1/11/12 1:04:01 PM,C,12.176
1/11/12 1:19:01 PM,C,11.172
1/11/12 1:34:01 PM,C,13.18
1/11/12 1:49:01 PM,C,15.689
1/11/12 2:04:01 PM,C,13.682
1/11/12 2:19:01 PM,C,15.689
1/11/12 2:34:01 PM,C,16.19
1/11/12 2:49:01 PM,C,16.19
1/11/12 3:04:01 PM,C,15.689
1/11/12 3:19:01 PM,C,12.678
1/11/12 3:34:01 PM,C,10.67
1/11/12 3:49:01 PM,C,10.167
1/11/12 4:04:01 PM,C,10.167
1/11/12 4:19:01 PM,C,10.167
1/11/12 4:34:01 PM,C,10.167
1/11/12 4:49:01 PM,C,10.167
1/11/12 5:04:01 PM,C,9.665
1/11/12 5:19:01 PM,C,9.665
1/11/12 5:34:01 PM,C,10.167
1/11/12 5:49:01 PM,C,10.167
1/11/12 6:04:01 PM,C,9.665
1/11/12 6:19:01 PM,C,9.665
1/11/12 6:34:01 PM,C,9.665
1/11/12 6:49:01 PM,C,9.162
1/11/12 7:04:01 PM,C,8.66
1/11/12 7:19:01 PM,C,8.66
1/11/12 7:34:01 PM,C,7.152
1/11/12 7:49:01 PM,C,7.654
1/11/12 8:04:01 PM,C,7.654
1/11/12 8:19:01 PM,C,8.157
1/11/12 8:34:01 PM,C,8.157
1/11/12 8:49:01 PM,C,7.152
1/11/12 9:04:01 PM,C,7.152
1/11/12 9:19:01 PM,C,6.146
1/11/12 9:34:01 PM,C,5.14
1/11/12 9:49:01 PM,C,3.63
1/11/12 10:04:01 PM,C,2.623
1/11/12 10:19:01 PM,C,1.616
1/11/12 10:34:01 PM,C,0.608
1/11/12 10:49:01 PM,C,-0.4
1/11/12 11:04:01 PM,C,-1.408
1/11/12 11:19:01 PM,C,-1.912
1/11/12 11:34:01 PM,C,-2.417
1/11/12 11:49:01 PM,C,-2.417
1/12/12 12:04:01 AM,C,-1.408
1/12/12 12:19:01 AM,C,-0.4
1/12/12 12:34:01 AM,C,-0.4
1/12/12 12:49:01 AM,C,-0.904
1/12/12 1:04:01 AM,C,-1.408
1/12/12 1:19:01 AM,C,-1.408
1/12/12 1:34:01 AM,C,-1.912
1/12/12 1:49:01 AM,C,-2.417
1/12/12 2:04:01 AM,C,-2.417
1/12/12 2:19:01 AM,C,-2.921
1/12/12 2:34:01 AM,C,-2.921
1/12/12 2:49:01 AM,C,-3.425
1/12/12 3:04:01 AM,C,-3.425
1/12/12 3:19:01 AM,C,-3.93
1/12/12 3:34:01 AM,C,-3.93
1/12/12 3:49:01 AM,C,-4.435
1/12/12 4:04:01 AM,C,-4.435
1/12/12 4:19:01 AM,C,-4.435
1/12/12 4:34:01 AM,C,-4.939
1/12/12 4:49:01 AM,C,-4.939
1/12/12 5:04:01 AM,C,-4.939
1/12/12 5:19:01 AM,C,-4.939
1/12/12 5:34:01 AM,C,-4.939
1/12/12 5:49:01 AM,C,-4.939
1/12/12 6:04:01 AM,C,-4.939
1/12/12 6:19:01 AM,C,-5.444
1/12/12 6:34:01 AM,C,-5.444
1/12/12 6:49:01 AM,C,-5.444
1/12/12 7:04:01 AM,C,-5.444
1/12/12 7:19:01 AM,C,-5.444
1/12/12 7:34:01 AM,C,-5.444
1/12/12 7:49:01 AM,C,-5.444
1/12/12 8:04:01 AM,C,-5.949
1/12/12 8:19:01 AM,C,-5.444
1/12/12 8:34:01 AM,C,-5.444
1/12/12 8:49:01 AM,C,-5.444
1/12/12 9:04:01 AM,C,-5.444
1/12/12 9:19:01 AM,C,-4.939
1/12/12 9:34:01 AM,C,-4.939
1/12/12 9:49:01 AM,C,-4.939
1/12/12 10:04:01 AM,C,-4.435
1/12/12 10:19:01 AM,C,-4.435
1/12/12 10:34:01 AM,C,-3.93
1/12/12 10:49:01 AM,C,-3.425
1/12/12 11:04:01 AM,C,-2.921
1/12/12 11:19:01 AM,C,-1.912
1/12/12 11:34:01 AM,C,-1.408
1/12/12 11:49:01 AM,C,-0.4
1/12/12 12:04:01 PM,C,0.608
1/12/12 12:19:01 PM,C,1.112
1/12/12 12:34:01 PM,C,1.616
1/12/12 12:49:01 PM,C,3.126
1/12/12 1:04:01 PM,C,3.63
1/12/12 1:19:01 PM,C,4.636
1/12/12 1:34:01 PM,C,5.643
1/12/12 1:49:01 PM,C,8.66
1/12/12 2:04:01 PM,C,5.643
1/12/12 2:19:01 PM,C,8.66
1/12/12 2:34:01 PM,C,8.66
1/12/12 2:49:01 PM,C,8.66
1/12/12 3:04:01 PM,C,8.157
1/12/12 3:19:01 PM,C,5.643
1/12/12 3:34:01 PM,C,3.63
1/12/12 3:49:01 PM,C,3.63
1/12/12 4:04:01 PM,C,3.63
1/12/12 4:19:01 PM,C,2.623
1/12/12 4:34:01 PM,C,2.623
1/12/12 4:49:01 PM,C,2.623
1/12/12 5:04:01 PM,C,2.119
1/12/12 5:19:01 PM,C,1.616
1/12/12 5:34:01 PM,C,1.616
1/12/12 5:49:01 PM,C,1.112
1/12/12 6:04:01 PM,C,1.112
1/12/12 6:19:01 PM,C,0.608
1/12/12 6:34:01 PM,C,0.104
1/12/12 6:49:01 PM,C,0.104
1/12/12 7:04:01 PM,C,0.104
1/12/12 7:19:01 PM,C,0.104
1/12/12 7:34:01 PM,C,-0.4
1/12/12 7:49:01 PM,C,-0.4
1/12/12 8:04:01 PM,C,-0.4
1/12/12 8:19:01 PM,C,-0.4
1/12/12 8:34:01 PM,C,-0.4
1/12/12 8:49:01 PM,C,0.104
1/12/12 9:04:01 PM,C,-0.4
1/12/12 9:19:01 PM,C,0.104
1/12/12 9:34:01 PM,C,0.104
1/12/12 9:49:01 PM,C,0.104
1/12/12 10:04:01 PM,C,0.104
1/12/12 10:19:01 PM,C,0.104
1/12/12 10:34:01 PM,C,0.104
1/12/12 10:49:01 PM,C,0.104
1/12/12 11:04:01 PM,C,0.104
1/12/12 11:19:01 PM,C,-0.4
1/12/12 11:34:01 PM,C,0.104
1/12/12 11:49:01 PM,C,-0.4
1/13/12 12:04:01 AM,C,0.104
1/13/12 12:19:01 AM,C,0.104
1/13/12 12:34:01 AM,C,0.104
1/13/12 12:49:01 AM,C,5.14
1/13/12 1:04:01 AM,C,4.636
1/13/12 1:19:01 AM,C,4.636
1/13/12 1:34:01 AM,C,4.636
1/13/12 1:49:01 AM,C,3.63
1/13/12 2:04:01 AM,C,2.623
1/13/12 2:19:01 AM,C,1.616
1/13/12 2:34:01 AM,C,1.112
1/13/12 2:49:01 AM,C,1.112
1/13/12 3:04:01 AM,C,1.112
1/13/12 3:19:01 AM,C,1.112
1/13/12 3:34:01 AM,C,1.112
1/13/12 3:49:01 AM,C,0.608
1/13/12 4:04:01 AM,C,0.608
1/13/12 4:19:01 AM,C,0.608
1/13/12 4:34:01 AM,C,0.104
1/13/12 4:49:01 AM,C,-0.4
1/13/12 5:04:01 AM,C,-0.4
1/13/12 5:19:01 AM,C,-0.4
1/13/12 5:34:01 AM,C,-0.4
1/13/12 5:49:01 AM,C,-0.4
1/13/12 6:04:01 AM,C,-0.904
1/13/12 6:19:01 AM,C,-0.4
1/13/12 6:34:01 AM,C,-0.904
1/13/12 6:49:01 AM,C,-0.904
1/13/12 7:04:01 AM,C,-1.408
1/13/12 7:19:01 AM,C,-1.408
1/13/12 7:34:01 AM,C,-0.904
1/13/12 7:49:01 AM,C,-0.904
1/13/12 8:04:01 AM,C,-0.904
1/13/12 8:19:01 AM,C,-1.408
1/13/12 8:34:01 AM,C,1.616
1/13/12 8:49:01 AM,C,2.119
1/13/12 9:04:01 AM,C,3.126
1/13/12 9:19:01 AM,C,3.63
1/13/12 9:34:01 AM,C,3.63
1/13/12 9:49:01 AM,C,3.126
1/13/12 10:04:01 AM,C,2.119
1/13/12 10:19:01 AM,C,2.119
1/13/12 10:34:01 AM,C,2.119
1/13/12 10:49:01 AM,C,3.126
1/13/12 11:04:01 AM,C,4.636
1/13/12 11:19:01 AM,C,4.636
1/13/12 11:34:01 AM,C,5.14
1/13/12 11:49:01 AM,C,5.643
1/13/12 12:04:01 PM,C,6.146
1/13/12 12:19:01 PM,C,6.146
1/13/12 12:34:01 PM,C,6.146
1/13/12 12:49:01 PM,C,7.152
1/13/12 1:04:01 PM,C,7.654
1/13/12 1:19:01 PM,C,7.654
1/13/12 1:34:01 PM,C,8.66
1/13/12 1:49:01 PM,C,12.176
1/13/12 2:04:01 PM,C,9.665
1/13/12 2:19:01 PM,C,13.682
1/13/12 2:34:01 PM,C,13.18
1/13/12 2:49:01 PM,C,14.184
1/13/12 3:04:01 PM,C,11.674
1/13/12 3:19:01 PM,C,12.678
1/13/12 3:34:01 PM,C,9.162
1/13/12 3:49:01 PM,C,7.654
1/13/12 4:04:01 PM,C,7.152
1/13/12 4:19:01 PM,C,7.654
1/13/12 4:34:01 PM,C,7.152
1/13/12 4:49:01 PM,C,7.152
1/13/12 5:04:01 PM,C,6.649
1/13/12 5:19:01 PM,C,6.649
1/13/12 5:34:01 PM,C,5.643
1/13/12 5:49:01 PM,C,5.14
1/13/12 6:04:01 PM,C,2.623
1/13/12 6:19:01 PM,C,0.104
1/13/12 6:34:01 PM,C,-0.904
1/13/12 6:49:01 PM,C,-1.912
1/13/12 7:04:01 PM,C,-2.417
1/13/12 7:19:01 PM,C,-3.425
1/13/12 7:34:01 PM,C,-3.93
1/13/12 7:49:01 PM,C,-4.435
1/13/12 8:04:01 PM,C,-4.435
1/13/12 8:19:01 PM,C,-4.939
1/13/12 8:34:01 PM,C,-4.435
1/13/12 8:49:01 PM,C,-4.435
1/13/12 9:04:01 PM,C,-5.444
1/13/12 9:19:01 PM,C,-5.949
1/13/12 9:34:01 PM,C,-5.949
1/13/12 9:49:01 PM,C,-6.959
1/13/12 10:04:01 PM,C,-6.454
1/13/12 10:19:01 PM,C,-6.454
1/13/12 10:34:01 PM,C,-6.454
1/13/12 10:49:01 PM,C,-6.454
1/13/12 11:04:01 PM,C,-6.454
1/13/12 11:19:01 PM,C,-5.949
1/13/12 11:34:01 PM,C,-6.454
1/13/12 11:49:01 PM,C,-6.454
1/14/12 12:04:01 AM,C,-6.959
1/14/12 12:19:01 AM,C,-6.454
1/14/12 12:34:01 AM,C,-6.959
1/14/12 12:49:01 AM,C,-7.464
1/14/12 1:04:01 AM,C,-7.464
1/14/12 1:19:01 AM,C,-7.464
1/14/12 1:34:01 AM,C,-7.969
1/14/12 1:49:01 AM,C,-6.959
1/14/12 2:04:01 AM,C,-6.959
1/14/12 2:19:01 AM,C,-7.464
1/14/12 2:34:01 AM,C,-7.464
1/14/12 2:49:01 AM,C,-6.959
1/14/12 3:04:01 AM,C,-5.949
1/14/12 3:19:01 AM,C,-5.949
1/14/12 3:34:01 AM,C,-7.464
1/14/12 3:49:01 AM,C,-6.959
1/14/12 4:04:01 AM,C,-6.454
1/14/12 4:19:01 AM,C,-6.959
1/14/12 4:34:01 AM,C,-5.949
1/14/12 4:49:01 AM,C,-6.959
1/14/12 5:04:01 AM,C,-6.959
1/14/12 5:19:01 AM,C,-6.454
1/14/12 5:34:01 AM,C,-6.959
1/14/12 5:49:01 AM,C,-6.959
1/14/12 6:04:01 AM,C,-6.454
1/14/12 6:19:01 AM,C,-5.949
1/14/12 6:34:01 AM,C,-6.959
1/14/12 6:49:01 AM,C,-6.454
1/14/12 7:04:01 AM,C,-7.464
1/14/12 7:19:01 AM,C,-5.949
1/14/12 7:34:01 AM,C,-7.464
1/14/12 7:49:01 AM,C,-5.949
1/14/12 8:04:01 AM,C,-6.959
1/14/12 8:19:01 AM,C,-6.454
1/14/12 8:34:01 AM,C,-6.454
1/14/12 8:49:01 AM,C,-6.454
1/14/12 9:04:01 AM,C,-4.939
1/14/12 9:19:01 AM,C,-2.921
1/14/12 9:34:01 AM,C,-0.904
1/14/12 9:49:01 AM,C,1.112
1/14/12 10:04:01 AM,C,3.126
1/14/12 10:19:01 AM,C,5.14
1/14/12 10:34:01 AM,C,5.643
1/14/12 10:49:01 AM,C,6.649
1/14/12 11:04:01 AM,C,7.152
1/14/12 11:19:01 AM,C,8.157
1/14/12 11:34:01 AM,C,8.66
1/14/12 11:49:01 AM,C,9.665
1/14/12 12:04:01 PM,C,10.167
1/14/12 12:19:01 PM,C,11.172
1/14/12 12:34:01 PM,C,11.172
1/14/12 12:49:01 PM,C,12.678
1/14/12 1:04:01 PM,C,13.682
1/14/12 1:19:01 PM,C,13.18
1/14/12 1:34:01 PM,C,14.184
1/14/12 1:49:01 PM,C,18.195
1/14/12 2:04:01 PM,C,14.685
1/14/12 2:19:01 PM,C,18.195
1/14/12 2:34:01 PM,C,17.193
1/14/12 2:49:01 PM,C,17.193
1/14/12 3:04:01 PM,C,16.692
1/14/12 3:19:01 PM,C,16.692
1/14/12 3:34:01 PM,C,13.18
1/14/12 3:49:01 PM,C,11.674
1/14/12 4:04:01 PM,C,11.172
1/14/12 4:19:01 PM,C,12.176
1/14/12 4:34:01 PM,C,11.674
1/14/12 4:49:01 PM,C,11.172
1/14/12 5:04:01 PM,C,10.67
1/14/12 5:19:01 PM,C,10.67
1/14/12 5:34:01 PM,C,9.665
1/14/12 5:49:01 PM,C,8.66
1/14/12 6:04:01 PM,C,6.146
1/14/12 6:19:01 PM,C,3.63
1/14/12 6:34:01 PM,C,2.623
1/14/12 6:49:01 PM,C,0.608
1/14/12 7:04:01 PM,C,0.104
1/14/12 7:19:01 PM,C,-0.904
1/14/12 7:34:01 PM,C,-0.4
1/14/12 7:49:01 PM,C,-1.408
1/14/12 8:04:01 PM,C,-1.408
1/14/12 8:19:01 PM,C,-1.408
1/14/12 8:34:01 PM,C,-1.912
1/14/12 8:49:01 PM,C,-2.417
1/14/12 9:04:01 PM,C,-2.417
1/14/12 9:19:01 PM,C,-2.417
1/14/12 9:34:01 PM,C,-1.912
1/14/12 9:49:01 PM,C,-1.912
1/14/12 10:04:01 PM,C,-1.912
1/14/12 10:19:01 PM,C,-1.912
1/14/12 10:34:01 PM,C,-2.417
1/14/12 10:49:01 PM,C,-2.417
1/14/12 11:04:01 PM,C,-2.417
1/14/12 11:19:01 PM,C,-1.912
1/14/12 11:34:01 PM,C,-1.912
1/14/12 11:49:01 PM,C,-1.912
1/15/12 12:04:01 AM,C,-0.904
1/15/12 12:19:01 AM,C,1.112
1/15/12 12:34:01 AM,C,6.146
1/15/12 12:49:01 AM,C,8.157
1/15/12 1:04:01 AM,C,7.654
1/15/12 1:19:01 AM,C,7.654
1/15/12 1:34:01 AM,C,7.654
1/15/12 1:49:01 AM,C,8.157
1/15/12 2:04:01 AM,C,7.654
1/15/12 2:19:01 AM,C,8.157
1/15/12 2:34:01 AM,C,8.157
1/15/12 2:49:01 AM,C,8.66
1/15/12 3:04:01 AM,C,9.162
1/15/12 3:19:01 AM,C,8.66
1/15/12 3:34:01 AM,C,9.162
1/15/12 3:49:01 AM,C,8.66
1/15/12 4:04:01 AM,C,8.66
1/15/12 4:19:01 AM,C,9.665
1/15/12 4:34:01 AM,C,9.665
1/15/12 4:49:01 AM,C,9.162
1/15/12 5:04:01 AM,C,9.162
1/15/12 5:19:01 AM,C,8.66
1/15/12 5:34:01 AM,C,8.157
1/15/12 5:49:01 AM,C,7.654
1/15/12 6:04:01 AM,C,7.654
1/15/12 6:19:01 AM,C,7.152
1/15/12 6:34:01 AM,C,7.654
1/15/12 6:49:01 AM,C,7.654
1/15/12 7:04:01 AM,C,7.654
1/15/12 7:19:01 AM,C,7.654
1/15/12 7:34:01 AM,C,7.654
1/15/12 7:49:01 AM,C,7.654
1/15/12 8:04:01 AM,C,7.654
1/15/12 8:19:01 AM,C,7.654
1/15/12 8:34:01 AM,C,8.157
1/15/12 8:49:01 AM,C,8.66
1/15/12 9:04:01 AM,C,8.66
1/15/12 9:19:01 AM,C,9.162
1/15/12 9:34:01 AM,C,9.665
1/15/12 9:49:01 AM,C,10.167
1/15/12 10:04:01 AM,C,10.67
1/15/12 10:19:01 AM,C,11.172
1/15/12 10:34:01 AM,C,11.172
1/15/12 10:49:01 AM,C,11.674
1/15/12 11:04:01 AM,C,12.176
1/15/12 11:19:01 AM,C,12.176
1/15/12 11:34:01 AM,C,12.176
1/15/12 11:49:01 AM,C,12.176
1/15/12 12:04:01 PM,C,12.678
1/15/12 12:19:01 PM,C,13.18
1/15/12 12:34:01 PM,C,13.18
1/15/12 12:49:01 PM,C,14.184
1/15/12 1:04:01 PM,C,15.187
1/15/12 1:19:01 PM,C,14.685
1/15/12 1:34:01 PM,C,16.19
1/15/12 1:49:01 PM,C,18.696
1/15/12 2:04:01 PM,C,15.689
1/15/12 2:19:01 PM,C,18.195
1/15/12 2:34:01 PM,C,18.195
1/15/12 2:49:01 PM,C,18.195
1/15/12 3:04:01 PM,C,18.195
1/15/12 3:19:01 PM,C,17.193
1/15/12 3:34:01 PM,C,15.187
1/15/12 3:49:01 PM,C,14.184
1/15/12 4:04:01 PM,C,14.184
1/15/12 4:19:01 PM,C,14.685
1/15/12 4:34:01 PM,C,13.682
1/15/12 4:49:01 PM,C,13.682
1/15/12 5:04:01 PM,C,13.682
1/15/12 5:19:01 PM,C,13.18
1/15/12 5:34:01 PM,C,12.678
1/15/12 5:49:01 PM,C,12.176
1/15/12 6:04:01 PM,C,11.674
1/15/12 6:19:01 PM,C,11.172
1/15/12 6:34:01 PM,C,11.172
1/15/12 6:49:01 PM,C,10.67
1/15/12 7:04:01 PM,C,9.665
1/15/12 7:19:01 PM,C,7.654
1/15/12 7:34:01 PM,C,7.654
1/15/12 7:49:01 PM,C,7.654
1/15/12 8:04:01 PM,C,7.152
1/15/12 8:19:01 PM,C,7.152
1/15/12 8:34:01 PM,C,7.152
1/15/12 8:49:01 PM,C,6.649
1/15/12 9:04:01 PM,C,6.146
1/15/12 9:19:01 PM,C,5.643
1/15/12 9:34:01 PM,C,6.649
1/15/12 9:49:01 PM,C,6.649
1/15/12 10:04:01 PM,C,7.152
1/15/12 10:19:01 PM,C,8.66
1/15/12 10:34:01 PM,C,9.162
1/15/12 10:49:01 PM,C,11.172
1/15/12 11:04:01 PM,C,11.172
1/15/12 11:19:01 PM,C,11.674
1/15/12 11:34:01 PM,C,11.172
1/15/12 11:49:01 PM,C,11.674
1/16/12 12:04:01 AM,C,12.176
1/16/12 12:19:01 AM,C,12.176
1/16/12 12:34:01 AM,C,12.678
1/16/12 12:49:01 AM,C,12.176
1/16/12 1:04:01 AM,C,12.678
1/16/12 1:19:01 AM,C,12.176
1/16/12 1:34:01 AM,C,12.176
1/16/12 1:49:01 AM,C,12.176
1/16/12 2:04:01 AM,C,12.176
1/16/12 2:19:01 AM,C,12.176
1/16/12 2:34:01 AM,C,12.176
1/16/12 2:49:01 AM,C,12.176
1/16/12 3:04:01 AM,C,11.674
1/16/12 3:19:01 AM,C,11.674
1/16/12 3:34:01 AM,C,11.674
1/16/12 3:49:01 AM,C,11.674
1/16/12 4:04:01 AM,C,11.674
1/16/12 4:19:01 AM,C,12.176
1/16/12 4:34:01 AM,C,11.172
1/16/12 4:49:01 AM,C,11.674
1/16/12 5:04:01 AM,C,11.674
1/16/12 5:19:01 AM,C,12.176
1/16/12 5:34:01 AM,C,12.176
1/16/12 5:49:01 AM,C,12.176
1/16/12 6:04:01 AM,C,11.674
1/16/12 6:19:01 AM,C,11.674
1/16/12 6:34:01 AM,C,11.674
1/16/12 6:49:01 AM,C,11.674
1/16/12 7:04:01 AM,C,11.674
1/16/12 7:19:01 AM,C,11.674
1/16/12 7:34:01 AM,C,11.674
1/16/12 7:49:01 AM,C,11.674
1/16/12 8:04:01 AM,C,11.674
1/16/12 8:19:01 AM,C,12.176
1/16/12 8:34:01 AM,C,12.176
1/16/12 8:49:01 AM,C,12.176
1/16/12 9:04:01 AM,C,12.176
1/16/12 9:19:01 AM,C,12.678
1/16/12 9:34:01 AM,C,12.678
1/16/12 9:49:01 AM,C,13.18
1/16/12 10:04:01 AM,C,13.18
1/16/12 10:19:01 AM,C,13.682
1/16/12 10:34:01 AM,C,13.682
1/16/12 10:49:01 AM,C,13.682
1/16/12 11:04:01 AM,C,14.184
1/16/12 11:19:01 AM,C,14.184
1/16/12 11:34:01 AM,C,15.187
1/16/12 11:49:01 AM,C,15.689
1/16/12 12:04:01 PM,C,15.689
1/16/12 12:19:01 PM,C,15.689
1/16/12 12:34:01 PM,C,15.689
1/16/12 12:49:01 PM,C,15.689
1/16/12 1:04:01 PM,C,15.689
1/16/12 1:19:01 PM,C,15.689
1/16/12 1:34:01 PM,C,15.689
1/16/12 1:49:01 PM,C,15.689
1/16/12 2:04:01 PM,C,15.689
1/16/12 2:19:01 PM,C,15.187
1/16/12 2:34:01 PM,C,16.692
1/16/12 2:49:01 PM,C,16.692
1/16/12 3:04:01 PM,C,15.689
1/16/12 3:19:01 PM,C,17.193
1/16/12 3:34:01 PM,C,15.689
1/16/12 3:49:01 PM,C,15.187
1/16/12 4:04:01 PM,C,15.187
1/16/12 4:19:01 PM,C,15.689
1/16/12 4:34:01 PM,C,15.689
1/16/12 4:49:01 PM,C,16.19
1/16/12 5:04:01 PM,C,16.19
1/16/12 5:19:01 PM,C,15.689
1/16/12 5:34:01 PM,C,15.689
1/16/12 5:49:01 PM,C,15.187
1/16/12 6:04:01 PM,C,14.685
1/16/12 6:19:01 PM,C,15.187
1/16/12 6:34:01 PM,C,14.685
1/16/12 6:49:01 PM,C,14.184
1/16/12 7:04:01 PM,C,14.184
1/16/12 7:19:01 PM,C,13.682
1/16/12 7:34:01 PM,C,13.682
1/16/12 7:49:01 PM,C,13.682
1/16/12 8:04:01 PM,C,13.18
1/16/12 8:19:01 PM,C,12.678
1/16/12 8:34:01 PM,C,12.176
1/16/12 8:49:01 PM,C,12.678
1/16/12 9:04:01 PM,C,12.176
1/16/12 9:19:01 PM,C,11.674
1/16/12 9:34:01 PM,C,12.176
1/16/12 9:49:01 PM,C,11.674
1/16/12 10:04:01 PM,C,11.172
1/16/12 10:19:01 PM,C,11.674
1/16/12 10:34:01 PM,C,11.674
1/16/12 10:49:01 PM,C,11.172
1/16/12 11:04:01 PM,C,11.172
1/16/12 11:19:01 PM,C,10.67
1/16/12 11:34:01 PM,C,10.67
1/16/12 11:49:01 PM,C,10.67
1/17/12 12:04:01 AM,C,10.167
1/17/12 12:19:01 AM,C,10.67
1/17/12 12:34:01 AM,C,10.167
1/17/12 12:49:01 AM,C,10.167
1/17/12 1:04:01 AM,C,10.167
1/17/12 1:19:01 AM,C,10.167
1/17/12 1:34:01 AM,C,9.665
1/17/12 1:49:01 AM,C,9.665
1/17/12 2:04:01 AM,C,9.665
1/17/12 2:19:01 AM,C,9.665
1/17/12 2:34:01 AM,C,9.665
1/17/12 2:49:01 AM,C,9.665
1/17/12 3:04:01 AM,C,9.665
1/17/12 3:19:01 AM,C,9.162
1/17/12 3:34:01 AM,C,9.162
1/17/12 3:49:01 AM,C,9.162
1/17/12 4:04:01 AM,C,9.162
1/17/12 4:19:01 AM,C,8.66
1/17/12 4:34:01 AM,C,8.66
1/17/12 4:49:01 AM,C,8.66
1/17/12 5:04:01 AM,C,8.66
1/17/12 5:19:01 AM,C,8.66
1/17/12 5:34:01 AM,C,8.157
1/17/12 5:49:01 AM,C,8.157
1/17/12 6:04:01 AM,C,8.157
1/17/12 6:19:01 AM,C,8.157
1/17/12 6:34:01 AM,C,8.157
1/17/12 6:49:01 AM,C,8.157
1/17/12 7:04:01 AM,C,7.654
1/17/12 7:19:01 AM,C,7.654
1/17/12 7:34:01 AM,C,7.654
1/17/12 7:49:01 AM,C,6.146
1/17/12 8:04:01 AM,C,4.636
1/17/12 8:19:01 AM,C,3.126
1/17/12 8:34:01 AM,C,2.623
1/17/12 8:49:01 AM,C,2.119
1/17/12 9:04:01 AM,C,4.133
1/17/12 9:19:01 AM,C,6.146
1/17/12 9:34:01 AM,C,6.649
1/17/12 9:49:01 AM,C,7.152
1/17/12 10:04:01 AM,C,7.152
1/17/12 10:19:01 AM,C,8.157
1/17/12 10:34:01 AM,C,9.162
1/17/12 10:49:01 AM,C,9.162
1/17/12 11:04:01 AM,C,9.665
1/17/12 11:19:01 AM,C,10.67
1/17/12 11:34:01 AM,C,10.167
1/17/12 11:49:01 AM,C,10.67
1/17/12 12:04:01 PM,C,12.176
1/17/12 12:19:01 PM,C,11.674
1/17/12 12:34:01 PM,C,12.176
1/17/12 12:49:01 PM,C,14.184
1/17/12 1:04:01 PM,C,14.685
1/17/12 1:19:01 PM,C,13.682
1/17/12 1:34:01 PM,C,14.184
1/17/12 1:49:01 PM,C,17.694
1/17/12 2:04:01 PM,C,15.187
1/17/12 2:19:01 PM,C,17.694
1/17/12 2:34:01 PM,C,19.197
1/17/12 2:49:01 PM,C,18.195
1/17/12 3:04:01 PM,C,17.694
1/17/12 3:19:01 PM,C,17.694
1/17/12 3:34:01 PM,C,14.184
1/17/12 3:49:01 PM,C,12.678
1/17/12 4:04:01 PM,C,12.678
1/17/12 4:19:01 PM,C,13.18
1/17/12 4:34:01 PM,C,12.678
1/17/12 4:49:01 PM,C,12.678
1/17/12 5:04:01 PM,C,12.678
1/17/12 5:19:01 PM,C,12.176
1/17/12 5:34:01 PM,C,11.674
1/17/12 5:49:01 PM,C,11.172
1/17/12 6:04:01 PM,C,10.167
1/17/12 6:19:01 PM,C,9.665
1/17/12 6:34:01 PM,C,7.654
1/17/12 6:49:01 PM,C,5.643
1/17/12 7:04:01 PM,C,4.636
1/17/12 7:19:01 PM,C,4.133
1/17/12 7:34:01 PM,C,3.126
1/17/12 7:49:01 PM,C,2.119
1/17/12 8:04:01 PM,C,1.616
1/17/12 8:19:01 PM,C,1.616
1/17/12 8:34:01 PM,C,1.112
1/17/12 8:49:01 PM,C,0.608
1/17/12 9:04:01 PM,C,0.608
1/17/12 9:19:01 PM,C,0.608
1/17/12 9:34:01 PM,C,0.104
1/17/12 9:49:01 PM,C,-0.904
1/17/12 10:04:01 PM,C,-1.408
1/17/12 10:19:01 PM,C,-1.912
1/17/12 10:34:01 PM,C,-1.408
1/17/12 10:49:01 PM,C,-1.912
1/17/12 11:04:01 PM,C,-1.408
1/17/12 11:19:01 PM,C,-1.408
1/17/12 11:34:01 PM,C,-1.408
1/17/12 11:49:01 PM,C,-1.408
1/18/12 12:04:01 AM,C,-1.408
1/18/12 12:19:01 AM,C,-1.408
1/18/12 12:34:01 AM,C,-0.904
1/18/12 12:49:01 AM,C,-0.4
1/18/12 1:04:01 AM,C,-2.417
1/18/12 1:19:01 AM,C,-2.417
1/18/12 1:34:01 AM,C,-2.417
1/18/12 1:49:01 AM,C,-1.912
1/18/12 2:04:01 AM,C,-1.912
1/18/12 2:19:01 AM,C,-1.408
1/18/12 2:34:01 AM,C,-1.408
1/18/12 2:49:01 AM,C,-1.408
1/18/12 3:04:01 AM,C,-0.904
1/18/12 3:19:01 AM,C,-0.904
1/18/12 3:34:01 AM,C,-0.904
1/18/12 3:49:01 AM,C,-1.408
1/18/12 4:04:01 AM,C,-1.408
1/18/12 4:19:01 AM,C,-1.408
1/18/12 4:34:01 AM,C,-1.408
1/18/12 4:49:01 AM,C,-1.408
1/18/12 5:04:01 AM,C,-1.408
1/18/12 5:19:01 AM,C,-0.904
1/18/12 5:34:01 AM,C,-1.408
1/18/12 5:49:01 AM,C,-0.904
1/18/12 6:04:01 AM,C,-0.4
1/18/12 6:19:01 AM,C,-0.904
1/18/12 6:34:01 AM,C,-0.4
1/18/12 6:49:01 AM,C,-0.4
1/18/12 7:04:01 AM,C,0.608
1/18/12 7:19:01 AM,C,0.608
1/18/12 7:34:01 AM,C,0.104
1/18/12 7:49:01 AM,C,0.608
1/18/12 8:04:01 AM,C,1.112
1/18/12 8:19:01 AM,C,0.104
1/18/12 8:34:01 AM,C,1.112
1/18/12 8:49:01 AM,C,2.623
1/18/12 9:04:01 AM,C,6.146
1/18/12 9:19:01 AM,C,6.649
1/18/12 9:34:01 AM,C,7.654
1/18/12 9:49:01 AM,C,8.157
1/18/12 10:04:01 AM,C,9.162
1/18/12 10:19:01 AM,C,9.162
1/18/12 10:34:01 AM,C,9.665
1/18/12 10:49:01 AM,C,10.67
1/18/12 11:04:01 AM,C,11.172
1/18/12 11:19:01 AM,C,11.172
1/18/12 11:34:01 AM,C,11.674
1/18/12 11:49:01 AM,C,11.172
1/18/12 12:04:01 PM,C,11.674
1/18/12 12:19:01 PM,C,12.176
1/18/12 12:34:01 PM,C,12.176
1/18/12 12:49:01 PM,C,14.184
1/18/12 1:04:01 PM,C,14.184
1/18/12 1:19:01 PM,C,13.682
1/18/12 1:34:01 PM,C,15.187
1/18/12 1:49:01 PM,C,17.694
1/18/12 2:04:01 PM,C,16.19
1/18/12 2:19:01 PM,C,18.696
1/18/12 2:34:01 PM,C,18.195
1/18/12 2:49:01 PM,C,18.195
1/18/12 3:04:01 PM,C,17.694
1/18/12 3:19:01 PM,C,17.694
1/18/12 3:34:01 PM,C,15.689
1/18/12 3:49:01 PM,C,14.184
1/18/12 4:04:01 PM,C,14.184
1/18/12 4:19:01 PM,C,13.682
1/18/12 4:34:01 PM,C,13.682
1/18/12 4:49:01 PM,C,13.18
1/18/12 5:04:01 PM,C,13.18
1/18/12 5:19:01 PM,C,12.678
1/18/12 5:34:01 PM,C,12.678
1/18/12 5:49:01 PM,C,12.176
1/18/12 6:04:01 PM,C,11.674
1/18/12 6:19:01 PM,C,11.172
1/18/12 6:34:01 PM,C,10.67
1/18/12 6:49:01 PM,C,10.67
1/18/12 7:04:01 PM,C,10.67
1/18/12 7:19:01 PM,C,11.172
1/18/12 7:34:01 PM,C,10.67
1/18/12 7:49:01 PM,C,10.67
1/18/12 8:04:01 PM,C,10.67
1/18/12 8:19:01 PM,C,10.67
1/18/12 8:34:01 PM,C,10.167
1/18/12 8:49:01 PM,C,10.167
1/18/12 9:04:01 PM,C,10.167
1/18/12 9:19:01 PM,C,10.167
1/18/12 9:34:01 PM,C,10.167
1/18/12 9:49:01 PM,C,10.167
1/18/12 10:04:01 PM,C,10.167
1/18/12 10:19:01 PM,C,10.167
1/18/12 10:34:01 PM,C,10.167
1/18/12 10:49:01 PM,C,10.167
1/18/12 11:04:01 PM,C,10.167
1/18/12 11:19:01 PM,C,10.167
1/18/12 11:34:01 PM,C,10.167
1/18/12 11:49:01 PM,C,10.167
1/19/12 12:04:01 AM,C,10.167
1/19/12 12:19:01 AM,C,10.167
1/19/12 12:34:01 AM,C,10.167
1/19/12 12:49:01 AM,C,10.167
1/19/12 1:04:01 AM,C,10.167
1/19/12 1:19:01 AM,C,10.167
1/19/12 1:34:01 AM,C,9.665
1/19/12 1:49:01 AM,C,9.665
1/19/12 2:04:01 AM,C,9.665
1/19/12 2:19:01 AM,C,9.665
1/19/12 2:34:01 AM,C,9.665
1/19/12 2:49:01 AM,C,9.665
1/19/12 3:04:01 AM,C,9.665
1/19/12 3:19:01 AM,C,9.162
1/19/12 3:34:01 AM,C,9.665
1/19/12 3:49:01 AM,C,9.665
1/19/12 4:04:01 AM,C,9.665
1/19/12 4:19:01 AM,C,9.665
1/19/12 4:34:01 AM,C,9.665
1/19/12 4:49:01 AM,C,9.665
1/19/12 5:04:01 AM,C,9.665
1/19/12 5:19:01 AM,C,9.162
1/19/12 5:34:01 AM,C,9.665
1/19/12 5:49:01 AM,C,9.665
1/19/12 6:04:01 AM,C,10.167
1/19/12 6:19:01 AM,C,9.665
1/19/12 6:34:01 AM,C,10.167
1/19/12 6:49:01 AM,C,10.167
1/19/12 7:04:01 AM,C,9.665
1/19/12 7:19:01 AM,C,10.167
1/19/12 7:34:01 AM,C,9.665
1/19/12 7:49:01 AM,C,9.665
1/19/12 8:04:01 AM,C,9.665
1/19/12 8:19:01 AM,C,10.167
1/19/12 8:34:01 AM,C,10.167
1/19/12 8:49:01 AM,C,10.67
1/19/12 9:04:01 AM,C,10.67
1/19/12 9:19:01 AM,C,11.172
1/19/12 9:34:01 AM,C,11.172
1/19/12 9:49:01 AM,C,11.172
1/19/12 10:04:01 AM,C,11.674
1/19/12 10:19:01 AM,C,12.176
1/19/12 10:34:01 AM,C,12.678
1/19/12 10:49:01 AM,C,13.18
1/19/12 11:04:01 AM,C,13.18
1/19/12 11:19:01 AM,C,14.184
1/19/12 11:34:01 AM,C,15.187
1/19/12 11:49:01 AM,C,15.187
1/19/12 12:04:01 PM,C,16.19
1/19/12 12:19:01 PM,C,16.19
1/19/12 12:34:01 PM,C,16.19
1/19/12 12:49:01 PM,C,19.197
1/19/12 1:04:01 PM,C,18.195
1/19/12 1:19:01 PM,C,17.694
1/19/12 1:34:01 PM,C,18.195
1/19/12 1:49:01 PM,C,19.698
1/19/12 2:04:01 PM,C,18.696
1/19/12 2:19:01 PM,C,20.7
1/19/12 2:34:01 PM,C,20.199
1/19/12 2:49:01 PM,C,21.2
1/19/12 3:04:01 PM,C,21.701
1/19/12 3:19:01 PM,C,21.2
1/19/12 3:34:01 PM,C,18.195
1/19/12 3:49:01 PM,C,17.193
1/19/12 4:04:01 PM,C,17.694
1/19/12 4:19:01 PM,C,17.694
1/19/12 4:34:01 PM,C,17.694
1/19/12 4:49:01 PM,C,16.692
1/19/12 5:04:01 PM,C,16.19
1/19/12 5:19:01 PM,C,15.689
1/19/12 5:34:01 PM,C,15.187
1/19/12 5:49:01 PM,C,14.685
1/19/12 6:04:01 PM,C,14.184
1/19/12 6:19:01 PM,C,13.682
1/19/12 6:34:01 PM,C,13.18
1/19/12 6:49:01 PM,C,13.18
1/19/12 7:04:01 PM,C,13.18
1/19/12 7:19:01 PM,C,12.678
1/19/12 7:34:01 PM,C,12.678
1/19/12 7:49:01 PM,C,12.678
1/19/12 8:04:01 PM,C,12.678
1/19/12 8:19:01 PM,C,12.176
1/19/12 8:34:01 PM,C,11.674
1/19/12 8:49:01 PM,C,11.674
1/19/12 9:04:01 PM,C,12.176
1/19/12 9:19:01 PM,C,12.678
1/19/12 9:34:01 PM,C,12.678
1/19/12 9:49:01 PM,C,12.678
1/19/12 10:04:01 PM,C,12.176
1/19/12 10:19:01 PM,C,12.176
1/19/12 10:34:01 PM,C,12.678
1/19/12 10:49:01 PM,C,12.678
1/19/12 11:04:01 PM,C,12.678
1/19/12 11:19:01 PM,C,12.678
1/19/12 11:34:01 PM,C,12.678
1/19/12 11:49:01 PM,C,12.176
1/20/12 12:04:01 AM,C,12.176
1/20/12 12:19:01 AM,C,12.176
1/20/12 12:34:01 AM,C,12.176
1/20/12 12:49:01 AM,C,11.674
1/20/12 1:04:01 AM,C,11.674
1/20/12 1:19:01 AM,C,12.176
1/20/12 1:34:01 AM,C,12.176
1/20/12 1:49:01 AM,C,12.176
1/20/12 2:04:01 AM,C,11.674
1/20/12 2:19:01 AM,C,11.674
1/20/12 2:34:01 AM,C,11.674
1/20/12 2:49:01 AM,C,12.176
1/20/12 3:04:01 AM,C,12.176
1/20/12 3:19:01 AM,C,11.674
1/20/12 3:34:01 AM,C,11.674
1/20/12 3:49:01 AM,C,11.674
1/20/12 4:04:01 AM,C,11.674
1/20/12 4:19:01 AM,C,11.674
1/20/12 4:34:01 AM,C,11.674
1/20/12 4:49:01 AM,C,11.172
1/20/12 5:04:01 AM,C,11.172
1/20/12 5:19:01 AM,C,11.172
1/20/12 5:34:01 AM,C,11.172
1/20/12 5:49:01 AM,C,10.67
1/20/12 6:04:01 AM,C,11.172
1/20/12 6:19:01 AM,C,10.67
1/20/12 6:34:01 AM,C,10.67
1/20/12 6:49:01 AM,C,10.67
1/20/12 7:04:01 AM,C,10.67
1/20/12 7:19:01 AM,C,11.172
1/20/12 7:34:01 AM,C,10.67
1/20/12 7:49:01 AM,C,10.67
1/20/12 8:04:01 AM,C,10.67
1/20/12 8:19:01 AM,C,11.172
1/20/12 8:34:01 AM,C,11.172
1/20/12 8:49:01 AM,C,11.172
1/20/12 9:04:01 AM,C,11.674
1/20/12 9:19:01 AM,C,11.674
1/20/12 9:34:01 AM,C,11.674
1/20/12 9:49:01 AM,C,12.176
1/20/12 10:04:01 AM,C,12.176
1/20/12 10:19:01 AM,C,12.176
1/20/12 10:34:01 AM,C,12.176
1/20/12 10:49:01 AM,C,12.678
1/20/12 11:04:01 AM,C,13.18
1/20/12 11:19:01 AM,C,13.682
1/20/12 11:34:01 AM,C,13.682
1/20/12 11:49:01 AM,C,14.184
1/20/12 12:04:01 PM,C,15.187
1/20/12 12:19:01 PM,C,15.187
1/20/12 12:34:01 PM,C,15.187
1/20/12 12:49:01 PM,C,17.694
1/20/12 1:04:01 PM,C,17.694
1/20/12 1:19:01 PM,C,16.19
1/20/12 1:34:01 PM,C,17.694
1/20/12 1:49:01 PM,C,20.199
1/20/12 2:04:01 PM,C,18.696
1/20/12 2:19:01 PM,C,20.7
1/20/12 2:34:01 PM,C,20.199
1/20/12 2:49:01 PM,C,20.199
1/20/12 3:04:01 PM,C,19.698
1/20/12 3:19:01 PM,C,19.698
1/20/12 3:34:01 PM,C,17.694
1/20/12 3:49:01 PM,C,16.692
1/20/12 4:04:01 PM,C,17.193
1/20/12 4:19:01 PM,C,16.692
1/20/12 4:34:01 PM,C,17.193
1/20/12 4:49:01 PM,C,16.692
1/20/12 5:04:01 PM,C,16.19
1/20/12 5:19:01 PM,C,15.689
1/20/12 5:34:01 PM,C,15.689
1/20/12 5:49:01 PM,C,15.187
1/20/12 6:04:01 PM,C,14.685
1/20/12 6:19:01 PM,C,14.685
1/20/12 6:34:01 PM,C,14.685
1/20/12 6:49:01 PM,C,14.184
1/20/12 7:04:01 PM,C,13.682
1/20/12 7:19:01 PM,C,13.682
1/20/12 7:34:01 PM,C,13.682
1/20/12 7:49:01 PM,C,13.682
1/20/12 8:04:01 PM,C,13.682
1/20/12 8:19:01 PM,C,13.18
1/20/12 8:34:01 PM,C,13.18
1/20/12 8:49:01 PM,C,12.176
1/20/12 9:04:01 PM,C,11.674
1/20/12 9:19:01 PM,C,11.674
1/20/12 9:34:01 PM,C,11.172
1/20/12 9:49:01 PM,C,11.172
1/20/12 10:04:01 PM,C,12.176
1/20/12 10:19:01 PM,C,12.176
1/20/12 10:34:01 PM,C,11.172
1/20/12 10:49:01 PM,C,11.172
1/20/12 11:04:01 PM,C,11.674
1/20/12 11:19:01 PM,C,12.176
1/20/12 11:34:01 PM,C,12.176
1/20/12 11:49:01 PM,C,11.674
1/21/12 12:04:01 AM,C,10.67
1/21/12 12:19:01 AM,C,9.665
1/21/12 12:34:01 AM,C,5.643
1/21/12 12:49:01 AM,C,3.126
1/21/12 1:04:01 AM,C,2.623
1/21/12 1:19:01 AM,C,1.112
1/21/12 1:34:01 AM,C,1.616
1/21/12 1:49:01 AM,C,0.608
1/21/12 2:04:01 AM,C,1.112
1/21/12 2:19:01 AM,C,1.616
1/21/12 2:34:01 AM,C,1.112
1/21/12 2:49:01 AM,C,0.104
1/21/12 3:04:01 AM,C,0.608
1/21/12 3:19:01 AM,C,0.608
1/21/12 3:34:01 AM,C,3.126
1/21/12 3:49:01 AM,C,2.623
1/21/12 4:04:01 AM,C,9.665
1/21/12 4:19:01 AM,C,8.157
1/21/12 4:34:01 AM,C,8.157
1/21/12 4:49:01 AM,C,9.665
1/21/12 5:04:01 AM,C,8.66
1/21/12 5:19:01 AM,C,9.162
1/21/12 5:34:01 AM,C,7.654
1/21/12 5:49:01 AM,C,5.643
1/21/12 6:04:01 AM,C,5.14
1/21/12 6:19:01 AM,C,5.14
1/21/12 6:34:01 AM,C,3.63
1/21/12 6:49:01 AM,C,3.63
1/21/12 7:04:01 AM,C,2.623
1/21/12 7:19:01 AM,C,2.623
1/21/12 7:34:01 AM,C,2.119
1/21/12 7:49:01 AM,C,1.616
1/21/12 8:04:01 AM,C,0.104
1/21/12 8:19:01 AM,C,-0.4
1/21/12 8:34:01 AM,C,0.104
1/21/12 8:49:01 AM,C,1.112
1/21/12 9:04:01 AM,C,1.616
1/21/12 9:19:01 AM,C,2.119
1/21/12 9:34:01 AM,C,3.126
1/21/12 9:49:01 AM,C,5.14
1/21/12 10:04:01 AM,C,9.162
1/21/12 10:19:01 AM,C,10.67
1/21/12 10:34:01 AM,C,11.674
1/21/12 10:49:01 AM,C,12.176
1/21/12 11:04:01 AM,C,12.176
1/21/12 11:19:01 AM,C,13.18
1/21/12 11:34:01 AM,C,13.18
1/21/12 11:49:01 AM,C,13.682
1/21/12 12:04:01 PM,C,15.187
1/21/12 12:19:01 PM,C,15.689
1/21/12 12:34:01 PM,C,15.187
1/21/12 12:49:01 PM,C,16.692
1/21/12 1:04:01 PM,C,18.195
1/21/12 1:19:01 PM,C,16.19
1/21/12 1:34:01 PM,C,17.694
1/21/12 1:49:01 PM,C,20.7
1/21/12 2:04:01 PM,C,18.696
1/21/12 2:19:01 PM,C,20.7
1/21/12 2:34:01 PM,C,21.701
1/21/12 2:49:01 PM,C,20.7
1/21/12 3:04:01 PM,C,21.701
1/21/12 3:19:01 PM,C,20.7
1/21/12 3:34:01 PM,C,16.692
1/21/12 3:49:01 PM,C,16.19
1/21/12 4:04:01 PM,C,16.19
1/21/12 4:19:01 PM,C,15.689
1/21/12 4:34:01 PM,C,15.689
1/21/12 4:49:01 PM,C,15.689
1/21/12 5:04:01 PM,C,15.689
1/21/12 5:19:01 PM,C,14.685
1/21/12 5:34:01 PM,C,14.685
1/21/12 5:49:01 PM,C,14.184
1/21/12 6:04:01 PM,C,13.682
1/21/12 6:19:01 PM,C,13.18
1/21/12 6:34:01 PM,C,13.18
1/21/12 6:49:01 PM,C,12.678
1/21/12 7:04:01 PM,C,12.176
1/21/12 7:19:01 PM,C,12.176
1/21/12 7:34:01 PM,C,12.176
1/21/12 7:49:01 PM,C,12.678
1/21/12 8:04:01 PM,C,13.18
1/21/12 8:19:01 PM,C,12.678
1/21/12 8:34:01 PM,C,13.18
1/21/12 8:49:01 PM,C,13.18
1/21/12 9:04:01 PM,C,13.18
1/21/12 9:19:01 PM,C,13.18
1/21/12 9:34:01 PM,C,13.18
1/21/12 9:49:01 PM,C,13.682
1/21/12 10:04:01 PM,C,13.682
1/21/12 10:19:01 PM,C,13.682
1/21/12 10:34:01 PM,C,13.682
1/21/12 10:49:01 PM,C,13.682
1/21/12 11:04:01 PM,C,13.682
1/21/12 11:19:01 PM,C,13.682
1/21/12 11:34:01 PM,C,13.682
1/21/12 11:49:01 PM,C,13.682
1/22/12 12:04:01 AM,C,14.184
1/22/12 12:19:01 AM,C,14.184
1/22/12 12:34:01 AM,C,13.682
1/22/12 12:49:01 AM,C,13.682
1/22/12 1:04:01 AM,C,13.18
1/22/12 1:19:01 AM,C,13.18
1/22/12 1:34:01 AM,C,12.678
1/22/12 1:49:01 AM,C,13.18
1/22/12 2:04:01 AM,C,13.18
1/22/12 2:19:01 AM,C,13.18
1/22/12 2:34:01 AM,C,13.18
1/22/12 2:49:01 AM,C,12.678
1/22/12 3:04:01 AM,C,12.678
1/22/12 3:19:01 AM,C,12.678
1/22/12 3:34:01 AM,C,12.678
1/22/12 3:49:01 AM,C,12.678
1/22/12 4:04:01 AM,C,12.678
1/22/12 4:19:01 AM,C,12.678
1/22/12 4:34:01 AM,C,12.176
1/22/12 4:49:01 AM,C,12.176
1/22/12 5:04:01 AM,C,12.176
1/22/12 5:19:01 AM,C,12.176
1/22/12 5:34:01 AM,C,11.674
1/22/12 5:49:01 AM,C,11.674
1/22/12 6:04:01 AM,C,11.172
1/22/12 6:19:01 AM,C,11.172
1/22/12 6:34:01 AM,C,10.67
1/22/12 6:49:01 AM,C,10.67
1/22/12 7:04:01 AM,C,10.67
1/22/12 7:19:01 AM,C,10.167
1/22/12 7:34:01 AM,C,11.172
1/22/12 7:49:01 AM,C,10.67
1/22/12 8:04:01 AM,C,10.67
1/22/12 8:19:01 AM,C,10.67
1/22/12 8:34:01 AM,C,10.67
1/22/12 8:49:01 AM,C,10.167
1/22/12 9:04:01 AM,C,10.167
1/22/12 9:19:01 AM,C,10.167
1/22/12 9:34:01 AM,C,10.167
1/22/12 9:49:01 AM,C,10.167
1/22/12 10:04:01 AM,C,10.167
1/22/12 10:19:01 AM,C,9.665
1/22/12 10:34:01 AM,C,9.665
1/22/12 10:49:01 AM,C,9.665
1/22/12 11:04:01 AM,C,9.665
1/22/12 11:19:01 AM,C,10.167
1/22/12 11:34:01 AM,C,10.167
1/22/12 11:49:01 AM,C,10.167
1/22/12 12:04:01 PM,C,10.67
1/22/12 12:19:01 PM,C,11.172
1/22/12 12:34:01 PM,C,11.172
1/22/12 12:49:01 PM,C,12.678
1/22/12 1:04:01 PM,C,12.678
1/22/12 1:19:01 PM,C,12.176
1/22/12 1:34:01 PM,C,13.18
1/22/12 1:49:01 PM,C,14.685
1/22/12 2:04:01 PM,C,14.685
1/22/12 2:19:01 PM,C,15.187
1/22/12 2:34:01 PM,C,16.692
1/22/12 2:49:01 PM,C,16.692
1/22/12 3:04:01 PM,C,16.692
1/22/12 3:19:01 PM,C,16.692
1/22/12 3:34:01 PM,C,13.18
1/22/12 3:49:01 PM,C,12.678
1/22/12 4:04:01 PM,C,12.678
1/22/12 4:19:01 PM,C,12.678
1/22/12 4:34:01 PM,C,12.678
1/22/12 4:49:01 PM,C,12.678
1/22/12 5:04:01 PM,C,12.176
1/22/12 5:19:01 PM,C,12.176
1/22/12 5:34:01 PM,C,11.674
1/22/12 5:49:01 PM,C,11.172
1/22/12 6:04:01 PM,C,10.67
1/22/12 6:19:01 PM,C,10.167
1/22/12 6:34:01 PM,C,10.167
1/22/12 6:49:01 PM,C,10.167
1/22/12 7:04:01 PM,C,9.665
1/22/12 7:19:01 PM,C,9.665
1/22/12 7:34:01 PM,C,9.665
1/22/12 7:49:01 PM,C,9.162
1/22/12 8:04:01 PM,C,8.157
1/22/12 8:19:01 PM,C,7.654
1/22/12 8:34:01 PM,C,8.157
1/22/12 8:49:01 PM,C,7.654
1/22/12 9:04:01 PM,C,5.14
1/22/12 9:19:01 PM,C,2.623
1/22/12 9:34:01 PM,C,1.112
1/22/12 9:49:01 PM,C,0.104
1/22/12 10:04:01 PM,C,0.608
1/22/12 10:19:01 PM,C,-0.4
1/22/12 10:34:01 PM,C,-0.904
1/22/12 10:49:01 PM,C,-0.904
1/22/12 11:04:01 PM,C,-0.904
1/22/12 11:19:01 PM,C,-1.408
1/22/12 11:34:01 PM,C,-0.904
1/22/12 11:49:01 PM,C,-0.4
1/23/12 12:04:01 AM,C,0.104
1/23/12 12:19:01 AM,C,3.126
1/23/12 12:34:01 AM,C,4.636
1/23/12 12:49:01 AM,C,3.63
1/23/12 1:04:01 AM,C,2.623
1/23/12 1:19:01 AM,C,5.643
1/23/12 1:34:01 AM,C,7.152
1/23/12 1:49:01 AM,C,6.146
1/23/12 2:04:01 AM,C,5.14
1/23/12 2:19:01 AM,C,2.623
1/23/12 2:34:01 AM,C,2.623
1/23/12 2:49:01 AM,C,2.119
1/23/12 3:04:01 AM,C,2.119
1/23/12 3:19:01 AM,C,1.616
1/23/12 3:34:01 AM,C,1.616
1/23/12 3:49:01 AM,C,1.112
1/23/12 4:04:01 AM,C,1.112
1/23/12 4:19:01 AM,C,0.608
1/23/12 4:34:01 AM,C,1.112
1/23/12 4:49:01 AM,C,1.112
1/23/12 5:04:01 AM,C,0.608
1/23/12 5:19:01 AM,C,0.608
1/23/12 5:34:01 AM,C,0.608
1/23/12 5:49:01 AM,C,-0.4
1/23/12 6:04:01 AM,C,-0.4
1/23/12 6:19:01 AM,C,-2.417
1/23/12 6:34:01 AM,C,-1.408
1/23/12 6:49:01 AM,C,-1.408
1/23/12 7:04:01 AM,C,-1.408
1/23/12 7:19:01 AM,C,-0.904
1/23/12 7:34:01 AM,C,-0.904
1/23/12 7:49:01 AM,C,0.104
1/23/12 8:04:01 AM,C,-0.904
1/23/12 8:19:01 AM,C,-0.4
1/23/12 8:34:01 AM,C,0.104
1/23/12 8:49:01 AM,C,1.112
1/23/12 9:04:01 AM,C,0.608
1/23/12 9:19:01 AM,C,6.649
1/23/12 9:34:01 AM,C,8.157
1/23/12 9:49:01 AM,C,9.665
1/23/12 10:04:01 AM,C,10.167
1/23/12 10:19:01 AM,C,10.67
1/23/12 10:34:01 AM,C,11.172
1/23/12 10:49:01 AM,C,11.674
1/23/12 11:04:01 AM,C,12.176
1/23/12 11:19:01 AM,C,12.176
1/23/12 11:34:01 AM,C,12.678
1/23/12 11:49:01 AM,C,12.678
1/23/12 12:04:01 PM,C,13.682
1/23/12 12:19:01 PM,C,14.685
1/23/12 12:34:01 PM,C,13.682
1/23/12 12:49:01 PM,C,15.689
1/23/12 1:04:01 PM,C,15.689
1/23/12 1:19:01 PM,C,14.685
1/23/12 1:34:01 PM,C,15.689
1/23/12 1:49:01 PM,C,18.195
1/23/12 2:04:01 PM,C,16.692
1/23/12 2:19:01 PM,C,19.197
1/23/12 2:34:01 PM,C,18.696
1/23/12 2:49:01 PM,C,19.698
1/23/12 3:04:01 PM,C,19.197
1/23/12 3:19:01 PM,C,19.197
1/23/12 3:34:01 PM,C,16.19
1/23/12 3:49:01 PM,C,15.187
1/23/12 4:04:01 PM,C,15.689
1/23/12 4:19:01 PM,C,15.187
1/23/12 4:34:01 PM,C,15.187
1/23/12 4:49:01 PM,C,15.187
1/23/12 5:04:01 PM,C,14.685
1/23/12 5:19:01 PM,C,14.184
1/23/12 5:34:01 PM,C,13.682
1/23/12 5:49:01 PM,C,13.18
1/23/12 6:04:01 PM,C,12.176
1/23/12 6:19:01 PM,C,10.67
1/23/12 6:34:01 PM,C,8.157
1/23/12 6:49:01 PM,C,5.643
1/23/12 7:04:01 PM,C,4.133
1/23/12 7:19:01 PM,C,2.623
1/23/12 7:34:01 PM,C,2.119
1/23/12 7:49:01 PM,C,1.616
1/23/12 8:04:01 PM,C,1.112
1/23/12 8:19:01 PM,C,1.112
1/23/12 8:34:01 PM,C,0.104
1/23/12 8:49:01 PM,C,0.608
1/23/12 9:04:01 PM,C,0.104
1/23/12 9:19:01 PM,C,0.104
1/23/12 9:34:01 PM,C,-0.4
1/23/12 9:49:01 PM,C,-0.4
1/23/12 10:04:01 PM,C,-0.4
1/23/12 10:19:01 PM,C,-0.4
1/23/12 10:34:01 PM,C,-1.912
1/23/12 10:49:01 PM,C,-1.408
1/23/12 11:04:01 PM,C,-2.417
1/23/12 11:19:01 PM,C,-1.912
1/23/12 11:34:01 PM,C,-2.417
1/23/12 11:49:01 PM,C,-2.921
1/24/12 12:04:01 AM,C,-2.417
1/24/12 12:19:01 AM,C,-2.417
1/24/12 12:34:01 AM,C,-2.921
1/24/12 12:49:01 AM,C,-1.912
1/24/12 1:04:01 AM,C,-1.912
1/24/12 1:19:01 AM,C,-1.408
1/24/12 1:34:01 AM,C,-1.408
1/24/12 1:49:01 AM,C,-1.912
1/24/12 2:04:01 AM,C,-1.408
1/24/12 2:19:01 AM,C,-0.904
1/24/12 2:34:01 AM,C,-1.912
1/24/12 2:49:01 AM,C,-0.4
1/24/12 3:04:01 AM,C,0.104
1/24/12 3:19:01 AM,C,3.126
1/24/12 3:34:01 AM,C,4.636
1/24/12 3:49:01 AM,C,5.643
1/24/12 4:04:01 AM,C,6.146
1/24/12 4:19:01 AM,C,6.146
1/24/12 4:34:01 AM,C,6.146
1/24/12 4:49:01 AM,C,3.126
1/24/12 5:04:01 AM,C,4.133
1/24/12 5:19:01 AM,C,4.133
1/24/12 5:34:01 AM,C,4.636
1/24/12 5:49:01 AM,C,5.14
1/24/12 6:04:01 AM,C,5.643
1/24/12 6:19:01 AM,C,6.649
1/24/12 6:34:01 AM,C,6.649
1/24/12 6:49:01 AM,C,6.649
1/24/12 7:04:01 AM,C,6.146
1/24/12 7:19:01 AM,C,7.152
1/24/12 7:34:01 AM,C,10.167
1/24/12 7:49:01 AM,C,10.67
1/24/12 8:04:01 AM,C,10.67
1/24/12 8:19:01 AM,C,10.67
1/24/12 8:34:01 AM,C,10.67
1/24/12 8:49:01 AM,C,11.674
1/24/12 9:04:01 AM,C,11.674
1/24/12 9:19:01 AM,C,11.674
1/24/12 9:34:01 AM,C,11.674
1/24/12 9:49:01 AM,C,12.176
1/24/12 10:04:01 AM,C,12.176
1/24/12 10:19:01 AM,C,12.678
1/24/12 10:34:01 AM,C,12.678
1/24/12 10:49:01 AM,C,13.18
1/24/12 11:04:01 AM,C,13.18
1/24/12 11:19:01 AM,C,13.682
1/24/12 11:34:01 AM,C,13.682
1/24/12 11:49:01 AM,C,14.184
1/24/12 12:04:01 PM,C,13.682
1/24/12 12:19:01 PM,C,13.18
1/24/12 12:34:01 PM,C,13.18
1/24/12 12:49:01 PM,C,13.18
1/24/12 1:04:01 PM,C,13.18
1/24/12 1:19:01 PM,C,13.18
1/24/12 1:34:01 PM,C,13.682
1/24/12 1:49:01 PM,C,13.682
1/24/12 2:04:01 PM,C,13.18
1/24/12 2:19:01 PM,C,12.678
1/24/12 2:34:01 PM,C,14.184
1/24/12 2:49:01 PM,C,17.193
1/24/12 3:04:01 PM,C,16.692
1/24/12 3:19:01 PM,C,16.19
1/24/12 3:34:01 PM,C,13.18
1/24/12 3:49:01 PM,C,12.678
1/24/12 4:04:01 PM,C,11.674
1/24/12 4:19:01 PM,C,11.674
1/24/12 4:34:01 PM,C,11.674
1/24/12 4:49:01 PM,C,10.67
1/24/12 5:04:01 PM,C,10.67
1/24/12 5:19:01 PM,C,10.67
1/24/12 5:34:01 PM,C,10.167
1/24/12 5:49:01 PM,C,9.162
1/24/12 6:04:01 PM,C,8.66
1/24/12 6:19:01 PM,C,8.157
1/24/12 6:34:01 PM,C,7.654
1/24/12 6:49:01 PM,C,7.654
1/24/12 7:04:01 PM,C,7.654
1/24/12 7:19:01 PM,C,7.152
1/24/12 7:34:01 PM,C,6.649
1/24/12 7:49:01 PM,C,6.146
1/24/12 8:04:01 PM,C,6.649
1/24/12 8:19:01 PM,C,5.643
1/24/12 8:34:01 PM,C,5.14
1/24/12 8:49:01 PM,C,5.643
1/24/12 9:04:01 PM,C,6.649
1/24/12 9:19:01 PM,C,6.649
1/24/12 9:34:01 PM,C,6.649
1/24/12 9:49:01 PM,C,6.146
1/24/12 10:04:01 PM,C,6.146
1/24/12 10:19:01 PM,C,5.643
1/24/12 10:34:01 PM,C,5.643
1/24/12 10:49:01 PM,C,5.643
1/24/12 11:04:01 PM,C,4.636
1/24/12 11:19:01 PM,C,2.623
1/24/12 11:34:01 PM,C,1.112
1/24/12 11:49:01 PM,C,1.112
1/25/12 12:04:01 AM,C,0.608
1/25/12 12:19:01 AM,C,-0.4
1/25/12 12:34:01 AM,C,-0.904
1/25/12 12:49:01 AM,C,-1.408
1/25/12 1:04:01 AM,C,-1.408
1/25/12 1:19:01 AM,C,-1.912
1/25/12 1:34:01 AM,C,-1.912
1/25/12 1:49:01 AM,C,-2.417
1/25/12 2:04:01 AM,C,-2.417
1/25/12 2:19:01 AM,C,-2.417
1/25/12 2:34:01 AM,C,-2.921
1/25/12 2:49:01 AM,C,-2.417
1/25/12 3:04:01 AM,C,-2.417
1/25/12 3:19:01 AM,C,-2.417
1/25/12 3:34:01 AM,C,-2.921
1/25/12 3:49:01 AM,C,-2.417
1/25/12 4:04:01 AM,C,-1.408
1/25/12 4:19:01 AM,C,1.112
1/25/12 4:34:01 AM,C,2.623
1/25/12 4:49:01 AM,C,2.119
1/25/12 5:04:01 AM,C,1.112
1/25/12 5:19:01 AM,C,0.608
1/25/12 5:34:01 AM,C,0.104
1/25/12 5:49:01 AM,C,0.104
1/25/12 6:04:01 AM,C,0.104
1/25/12 6:19:01 AM,C,-0.4
1/25/12 6:34:01 AM,C,-0.904
1/25/12 6:49:01 AM,C,-0.904
1/25/12 7:04:01 AM,C,-0.904
1/25/12 7:19:01 AM,C,-0.904
1/25/12 7:34:01 AM,C,-0.904
1/25/12 7:49:01 AM,C,-1.408
1/25/12 8:04:01 AM,C,-1.408
1/25/12 8:19:01 AM,C,-1.408
1/25/12 8:34:01 AM,C,-1.408
1/25/12 8:49:01 AM,C,-1.408
1/25/12 9:04:01 AM,C,-1.408
1/25/12 9:19:01 AM,C,-0.904
1/25/12 9:34:01 AM,C,-1.408
1/25/12 9:49:01 AM,C,-1.408
1/25/12 10:04:01 AM,C,-0.4
1/25/12 10:19:01 AM,C,-0.4
1/25/12 10:34:01 AM,C,-0.904
1/25/12 10:49:01 AM,C,-0.4
1/25/12 11:04:01 AM,C,-0.4
1/25/12 11:19:01 AM,C,0.104
1/25/12 11:34:01 AM,C,-0.4
1/25/12 11:49:01 AM,C,0.104
1/25/12 12:04:01 PM,C,-0.904
1/25/12 12:19:01 PM,C,0.104
1/25/12 12:34:01 PM,C,0.608
1/25/12 12:49:01 PM,C,0.104
1/25/12 1:04:01 PM,C,0.104
1/25/12 1:19:01 PM,C,-0.4
1/25/12 1:34:01 PM,C,-0.4
1/25/12 1:49:01 PM,C,-0.4
1/25/12 2:04:01 PM,C,0.104
1/25/12 2:19:01 PM,C,0.608
1/25/12 2:34:01 PM,C,0.608
1/25/12 2:49:01 PM,C,0.608
1/25/12 3:04:01 PM,C,0.608
1/25/12 3:19:01 PM,C,0.608
1/25/12 3:34:01 PM,C,1.112
1/25/12 3:49:01 PM,C,1.112
1/25/12 4:04:01 PM,C,2.119
1/25/12 4:19:01 PM,C,2.119
1/25/12 4:34:01 PM,C,1.616
1/25/12 4:49:01 PM,C,1.616
1/25/12 5:04:01 PM,C,1.616
1/25/12 5:19:01 PM,C,0.608
1/25/12 5:34:01 PM,C,0.608
1/25/12 5:49:01 PM,C,1.112
1/25/12 6:04:01 PM,C,0.608
1/25/12 6:19:01 PM,C,0.104
1/25/12 6:34:01 PM,C,0.104
1/25/12 6:49:01 PM,C,-0.4
1/25/12 7:04:01 PM,C,0.608
1/25/12 7:19:01 PM,C,0.104
1/25/12 7:34:01 PM,C,-0.904
1/25/12 7:49:01 PM,C,-1.912
1/25/12 8:04:01 PM,C,-2.417
1/25/12 8:19:01 PM,C,-1.912
1/25/12 8:34:01 PM,C,-2.921
1/25/12 8:49:01 PM,C,-2.417
1/25/12 9:04:01 PM,C,-3.93
1/25/12 9:19:01 PM,C,-3.425
1/25/12 9:34:01 PM,C,-3.93
1/25/12 9:49:01 PM,C,-4.939
1/25/12 10:04:01 PM,C,-4.435
1/25/12 10:19:01 PM,C,-4.939
1/25/12 10:34:01 PM,C,-4.435
1/25/12 10:49:01 PM,C,-2.417
1/25/12 11:04:01 PM,C,0.104
1/25/12 11:19:01 PM,C,-0.4
1/25/12 11:34:01 PM,C,-0.4
1/25/12 11:49:01 PM,C,0.608
1/26/12 12:04:01 AM,C,0.608
1/26/12 12:19:01 AM,C,0.608
1/26/12 12:34:01 AM,C,0.608
1/26/12 12:49:01 AM,C,1.112
1/26/12 1:04:01 AM,C,2.623
1/26/12 1:19:01 AM,C,2.623
1/26/12 1:34:01 AM,C,3.126
1/26/12 1:49:01 AM,C,3.126
1/26/12 2:04:01 AM,C,3.126
1/26/12 2:19:01 AM,C,3.63
1/26/12 2:34:01 AM,C,3.126
1/26/12 2:49:01 AM,C,3.126
1/26/12 3:04:01 AM,C,2.119
1/26/12 3:19:01 AM,C,2.623
1/26/12 3:34:01 AM,C,2.623
1/26/12 3:49:01 AM,C,2.623
1/26/12 4:04:01 AM,C,3.126
1/26/12 4:19:01 AM,C,2.623
1/26/12 4:34:01 AM,C,2.623
1/26/12 4:49:01 AM,C,2.623
1/26/12 5:04:01 AM,C,2.623
1/26/12 5:19:01 AM,C,2.623
1/26/12 5:34:01 AM,C,2.623
1/26/12 5:49:01 AM,C,2.623
1/26/12 6:04:01 AM,C,2.623
1/26/12 6:19:01 AM,C,2.623
1/26/12 6:34:01 AM,C,3.126
1/26/12 6:49:01 AM,C,3.63
1/26/12 7:04:01 AM,C,3.63
1/26/12 7:19:01 AM,C,3.126
1/26/12 7:34:01 AM,C,3.63
1/26/12 7:49:01 AM,C,-1.408
1/26/12 8:04:01 AM,C,-2.417
1/26/12 8:19:01 AM,C,-2.921
1/26/12 8:34:01 AM,C,-2.921
1/26/12 8:49:01 AM,C,-2.417
1/26/12 9:04:01 AM,C,-1.408
1/26/12 9:19:01 AM,C,-0.4
1/26/12 9:34:01 AM,C,-0.4
1/26/12 9:49:01 AM,C,1.616
1/26/12 10:04:01 AM,C,3.126
1/26/12 10:19:01 AM,C,5.14
1/26/12 10:34:01 AM,C,5.643
1/26/12 10:49:01 AM,C,6.649
1/26/12 11:04:01 AM,C,7.152
1/26/12 11:19:01 AM,C,7.152
1/26/12 11:34:01 AM,C,7.654
1/26/12 11:49:01 AM,C,7.654
1/26/12 12:04:01 PM,C,8.157
1/26/12 12:19:01 PM,C,8.66
1/26/12 12:34:01 PM,C,9.162
1/26/12 12:49:01 PM,C,10.67
1/26/12 1:04:01 PM,C,13.18
1/26/12 1:19:01 PM,C,11.674
1/26/12 1:34:01 PM,C,13.18
1/26/12 1:49:01 PM,C,15.689
1/26/12 2:04:01 PM,C,15.187
1/26/12 2:19:01 PM,C,15.187
1/26/12 2:34:01 PM,C,15.689
1/26/12 2:49:01 PM,C,17.193
1/26/12 3:04:01 PM,C,16.19
1/26/12 3:19:01 PM,C,16.19
1/26/12 3:34:01 PM,C,12.678
1/26/12 3:49:01 PM,C,11.172
1/26/12 4:04:01 PM,C,11.674
1/26/12 4:19:01 PM,C,11.172
1/26/12 4:34:01 PM,C,11.172
1/26/12 4:49:01 PM,C,11.674
1/26/12 5:04:01 PM,C,10.167
1/26/12 5:19:01 PM,C,10.167
1/26/12 5:34:01 PM,C,9.665
1/26/12 5:49:01 PM,C,9.162
1/26/12 6:04:01 PM,C,8.157
1/26/12 6:19:01 PM,C,6.146
1/26/12 6:34:01 PM,C,4.636
1/26/12 6:49:01 PM,C,3.63
1/26/12 7:04:01 PM,C,1.616
1/26/12 7:19:01 PM,C,0.608
1/26/12 7:34:01 PM,C,0.608
1/26/12 7:49:01 PM,C,-0.4
1/26/12 8:04:01 PM,C,-0.4
1/26/12 8:19:01 PM,C,2.119
1/26/12 8:34:01 PM,C,4.636
1/26/12 8:49:01 PM,C,4.636
1/26/12 9:04:01 PM,C,4.133
1/26/12 9:19:01 PM,C,6.146
1/26/12 9:34:01 PM,C,6.649
1/26/12 9:49:01 PM,C,6.649
1/26/12 10:04:01 PM,C,7.152
1/26/12 10:19:01 PM,C,7.152
1/26/12 10:34:01 PM,C,7.152
1/26/12 10:49:01 PM,C,8.157
1/26/12 11:04:01 PM,C,8.66
1/26/12 11:19:01 PM,C,9.162
1/26/12 11:34:01 PM,C,9.162
1/26/12 11:49:01 PM,C,8.66
1/27/12 12:04:01 AM,C,8.66
1/27/12 12:19:01 AM,C,8.66
1/27/12 12:34:01 AM,C,8.66
1/27/12 12:49:01 AM,C,8.157
1/27/12 1:04:01 AM,C,8.157
1/27/12 1:19:01 AM,C,8.157
1/27/12 1:34:01 AM,C,8.157
1/27/12 1:49:01 AM,C,8.157
1/27/12 2:04:01 AM,C,8.66
1/27/12 2:19:01 AM,C,8.66
1/27/12 2:34:01 AM,C,9.162
1/27/12 2:49:01 AM,C,8.66
1/27/12 3:04:01 AM,C,8.66
1/27/12 3:19:01 AM,C,8.66
1/27/12 3:34:01 AM,C,8.66
1/27/12 3:49:01 AM,C,8.66
1/27/12 4:04:01 AM,C,8.157
1/27/12 4:19:01 AM,C,8.157
1/27/12 4:34:01 AM,C,8.66
1/27/12 4:49:01 AM,C,9.162
1/27/12 5:04:01 AM,C,9.162
1/27/12 5:19:01 AM,C,9.665
1/27/12 5:34:01 AM,C,9.162
1/27/12 5:49:01 AM,C,9.162
1/27/12 6:04:01 AM,C,9.665
1/27/12 6:19:01 AM,C,9.665
1/27/12 6:34:01 AM,C,9.162
1/27/12 6:49:01 AM,C,9.162
1/27/12 7:04:01 AM,C,9.162
1/27/12 7:19:01 AM,C,9.665
1/27/12 7:34:01 AM,C,9.665
1/27/12 7:49:01 AM,C,9.665
1/27/12 8:04:01 AM,C,9.665
1/27/12 8:19:01 AM,C,9.665
1/27/12 8:34:01 AM,C,9.162
1/27/12 8:49:01 AM,C,9.162
1/27/12 9:04:01 AM,C,9.162
1/27/12 9:19:01 AM,C,9.665
1/27/12 9:34:01 AM,C,10.167
1/27/12 9:49:01 AM,C,10.167
1/27/12 10:04:01 AM,C,10.67
1/27/12 10:19:01 AM,C,10.67
1/27/12 10:34:01 AM,C,11.172
1/27/12 10:49:01 AM,C,11.172
1/27/12 11:04:01 AM,C,11.674
1/27/12 11:19:01 AM,C,12.176
1/27/12 11:34:01 AM,C,12.678
1/27/12 11:49:01 AM,C,12.678
1/27/12 12:04:01 PM,C,13.18
1/27/12 12:19:01 PM,C,13.682
1/27/12 12:34:01 PM,C,13.682
1/27/12 12:49:01 PM,C,14.685
1/27/12 1:04:01 PM,C,17.193
1/27/12 1:19:01 PM,C,15.689
1/27/12 1:34:01 PM,C,17.193
1/27/12 1:49:01 PM,C,18.696
1/27/12 2:04:01 PM,C,17.694
1/27/12 2:19:01 PM,C,17.694
1/27/12 2:34:01 PM,C,18.696
1/27/12 2:49:01 PM,C,19.197
1/27/12 3:04:01 PM,C,18.696
1/27/12 3:19:01 PM,C,17.694
1/27/12 3:34:01 PM,C,15.689
1/27/12 3:49:01 PM,C,14.685
1/27/12 4:04:01 PM,C,15.689
1/27/12 4:19:01 PM,C,14.685
1/27/12 4:34:01 PM,C,14.184
1/27/12 4:49:01 PM,C,16.19
1/27/12 5:04:01 PM,C,14.184
1/27/12 5:19:01 PM,C,13.682
1/27/12 5:34:01 PM,C,13.682
1/27/12 5:49:01 PM,C,13.18
1/27/12 6:04:01 PM,C,12.678
1/27/12 6:19:01 PM,C,12.176
1/27/12 6:34:01 PM,C,10.67
1/27/12 6:49:01 PM,C,9.162
1/27/12 7:04:01 PM,C,7.152
1/27/12 7:19:01 PM,C,4.636
1/27/12 7:34:01 PM,C,4.133
1/27/12 7:49:01 PM,C,3.63
1/27/12 8:04:01 PM,C,3.126
1/27/12 8:19:01 PM,C,2.119
1/27/12 8:34:01 PM,C,2.119
1/27/12 8:49:01 PM,C,2.119
1/27/12 9:04:01 PM,C,1.112
1/27/12 9:19:01 PM,C,0.608
1/27/12 9:34:01 PM,C,1.616
1/27/12 9:49:01 PM,C,1.616
1/27/12 10:04:01 PM,C,1.616
1/27/12 10:19:01 PM,C,5.14
1/27/12 10:34:01 PM,C,5.643
1/27/12 10:49:01 PM,C,2.119
1/27/12 11:04:01 PM,C,6.146
1/27/12 11:19:01 PM,C,6.146
1/27/12 11:34:01 PM,C,5.14
1/27/12 11:49:01 PM,C,4.636
1/28/12 12:04:01 AM,C,3.63
1/28/12 12:19:01 AM,C,3.63
1/28/12 12:34:01 AM,C,3.126
1/28/12 12:49:01 AM,C,2.623
1/28/12 1:04:01 AM,C,1.616
1/28/12 1:19:01 AM,C,1.112
1/28/12 1:34:01 AM,C,2.119
1/28/12 1:49:01 AM,C,1.616
1/28/12 2:04:01 AM,C,1.112
1/28/12 2:19:01 AM,C,0.104
1/28/12 2:34:01 AM,C,1.112
1/28/12 2:49:01 AM,C,1.112
1/28/12 3:04:01 AM,C,0.104
1/28/12 3:19:01 AM,C,-0.904
1/28/12 3:34:01 AM,C,-1.408
1/28/12 3:49:01 AM,C,-1.912
1/28/12 4:04:01 AM,C,-1.408
1/28/12 4:19:01 AM,C,-1.408
1/28/12 4:34:01 AM,C,-1.408
1/28/12 4:49:01 AM,C,-2.417
1/28/12 5:04:01 AM,C,-2.921
1/28/12 5:19:01 AM,C,-2.417
1/28/12 5:34:01 AM,C,-2.921
1/28/12 5:49:01 AM,C,-2.921
1/28/12 6:04:01 AM,C,-3.425
1/28/12 6:19:01 AM,C,-2.921
1/28/12 6:34:01 AM,C,-3.425
1/28/12 6:49:01 AM,C,-3.93
1/28/12 7:04:01 AM,C,-2.417
1/28/12 7:19:01 AM,C,-2.417
1/28/12 7:34:01 AM,C,-2.417
1/28/12 7:49:01 AM,C,-2.417
1/28/12 8:04:01 AM,C,-2.417
1/28/12 8:19:01 AM,C,-2.921
1/28/12 8:34:01 AM,C,-1.912
1/28/12 8:49:01 AM,C,-1.912
1/28/12 9:04:01 AM,C,-1.408
1/28/12 9:19:01 AM,C,-0.904
1/28/12 9:34:01 AM,C,-0.904
1/28/12 9:49:01 AM,C,-0.4
1/28/12 10:04:01 AM,C,0.104
1/28/12 10:19:01 AM,C,0.608
1/28/12 10:34:01 AM,C,1.616
1/28/12 10:49:01 AM,C,1.616
1/28/12 11:04:01 AM,C,2.119
1/28/12 11:19:01 AM,C,2.623
1/28/12 11:34:01 AM,C,3.126
1/28/12 11:49:01 AM,C,3.126
1/28/12 12:04:01 PM,C,3.63
1/28/12 12:19:01 PM,C,3.63
1/28/12 12:34:01 PM,C,4.133
1/28/12 12:49:01 PM,C,5.643
1/28/12 1:04:01 PM,C,7.152
1/28/12 1:19:01 PM,C,6.146
1/28/12 1:34:01 PM,C,8.157
1/28/12 1:49:01 PM,C,9.665
1/28/12 2:04:01 PM,C,8.157
1/28/12 2:19:01 PM,C,8.157
1/28/12 2:34:01 PM,C,10.167
1/28/12 2:49:01 PM,C,10.167
1/28/12 3:04:01 PM,C,10.67
1/28/12 3:19:01 PM,C,10.67
1/28/12 3:34:01 PM,C,9.162
1/28/12 3:49:01 PM,C,9.162
1/28/12 4:04:01 PM,C,8.66
1/28/12 4:19:01 PM,C,8.66
1/28/12 4:34:01 PM,C,8.157
1/28/12 4:49:01 PM,C,8.157
1/28/12 5:04:01 PM,C,8.157
1/28/12 5:19:01 PM,C,8.157
1/28/12 5:34:01 PM,C,7.152
1/28/12 5:49:01 PM,C,6.146
1/28/12 6:04:01 PM,C,5.643
1/28/12 6:19:01 PM,C,5.14
1/28/12 6:34:01 PM,C,4.133
1/28/12 6:49:01 PM,C,3.126
1/28/12 7:04:01 PM,C,2.623
1/28/12 7:19:01 PM,C,2.119
1/28/12 7:34:01 PM,C,1.616
1/28/12 7:49:01 PM,C,1.112
1/28/12 8:04:01 PM,C,1.112
1/28/12 8:19:01 PM,C,1.616
1/28/12 8:34:01 PM,C,1.112
1/28/12 8:49:01 PM,C,0.608
1/28/12 9:04:01 PM,C,0.608
1/28/12 9:19:01 PM,C,0.608
1/28/12 9:34:01 PM,C,-0.4
1/28/12 9:49:01 PM,C,-1.408
1/28/12 10:04:01 PM,C,-2.417
1/28/12 10:19:01 PM,C,-2.417
1/28/12 10:34:01 PM,C,-2.921
1/28/12 10:49:01 PM,C,-2.921
1/28/12 11:04:01 PM,C,-2.921
1/28/12 11:19:01 PM,C,-2.921
1/28/12 11:34:01 PM,C,-3.425
1/28/12 11:49:01 PM,C,-3.425
1/29/12 12:04:01 AM,C,-3.425
1/29/12 12:19:01 AM,C,-3.93
1/29/12 12:34:01 AM,C,-3.93
1/29/12 12:49:01 AM,C,-3.93
1/29/12 1:04:01 AM,C,-3.93
1/29/12 1:19:01 AM,C,-3.425
1/29/12 1:34:01 AM,C,-3.93
1/29/12 1:49:01 AM,C,-3.93
1/29/12 2:04:01 AM,C,-3.425
1/29/12 2:19:01 AM,C,-4.435
1/29/12 2:34:01 AM,C,-3.93
1/29/12 2:49:01 AM,C,-4.435
1/29/12 3:04:01 AM,C,-3.425
1/29/12 3:19:01 AM,C,-4.435
1/29/12 3:34:01 AM,C,-3.93
1/29/12 3:49:01 AM,C,-4.435
1/29/12 4:04:01 AM,C,-4.435
1/29/12 4:19:01 AM,C,-3.93
1/29/12 4:34:01 AM,C,-3.425
1/29/12 4:49:01 AM,C,-4.435
1/29/12 5:04:01 AM,C,-3.93
1/29/12 5:19:01 AM,C,-4.435
1/29/12 5:34:01 AM,C,-3.93
1/29/12 5:49:01 AM,C,-4.939
1/29/12 6:04:01 AM,C,-4.435
1/29/12 6:19:01 AM,C,-4.435
1/29/12 6:34:01 AM,C,-4.435
1/29/12 6:49:01 AM,C,-4.939
1/29/12 7:04:01 AM,C,-4.939
1/29/12 7:19:01 AM,C,-3.93
1/29/12 7:34:01 AM,C,-4.939
1/29/12 7:49:01 AM,C,-4.435
1/29/12 8:04:01 AM,C,-4.435
1/29/12 8:19:01 AM,C,-3.425
1/29/12 8:34:01 AM,C,-3.93
1/29/12 8:49:01 AM,C,-3.425
1/29/12 9:04:01 AM,C,-3.93
1/29/12 9:19:01 AM,C,-1.408
1/29/12 9:34:01 AM,C,0.608
1/29/12 9:49:01 AM,C,2.623
1/29/12 10:04:01 AM,C,3.63
1/29/12 10:19:01 AM,C,5.643
1/29/12 10:34:01 AM,C,6.649
1/29/12 10:49:01 AM,C,7.654
1/29/12 11:04:01 AM,C,8.157
1/29/12 11:19:01 AM,C,9.162
1/29/12 11:34:01 AM,C,10.67
1/29/12 11:49:01 AM,C,10.67
1/29/12 12:04:01 PM,C,11.172
1/29/12 12:19:01 PM,C,11.674
1/29/12 12:34:01 PM,C,13.18
1/29/12 12:49:01 PM,C,13.682
1/29/12 1:04:01 PM,C,15.689
1/29/12 1:19:01 PM,C,15.187
1/29/12 1:34:01 PM,C,17.193
1/29/12 1:49:01 PM,C,17.193
1/29/12 2:04:01 PM,C,16.692
1/29/12 2:19:01 PM,C,16.692
1/29/12 2:34:01 PM,C,18.696
1/29/12 2:49:01 PM,C,18.195
1/29/12 3:04:01 PM,C,19.197
1/29/12 3:19:01 PM,C,18.195
1/29/12 3:34:01 PM,C,15.689
1/29/12 3:49:01 PM,C,14.184
1/29/12 4:04:01 PM,C,14.184
1/29/12 4:19:01 PM,C,13.682
1/29/12 4:34:01 PM,C,13.682
1/29/12 4:49:01 PM,C,16.692
1/29/12 5:04:01 PM,C,13.682
1/29/12 5:19:01 PM,C,12.678
1/29/12 5:34:01 PM,C,12.176
1/29/12 5:49:01 PM,C,11.674
1/29/12 6:04:01 PM,C,10.67
1/29/12 6:19:01 PM,C,8.66
1/29/12 6:34:01 PM,C,6.146
1/29/12 6:49:01 PM,C,4.636
1/29/12 7:04:01 PM,C,3.63
1/29/12 7:19:01 PM,C,2.623
1/29/12 7:34:01 PM,C,2.119
1/29/12 7:49:01 PM,C,1.616
1/29/12 8:04:01 PM,C,0.608
1/29/12 8:19:01 PM,C,0.104
1/29/12 8:34:01 PM,C,-0.4
1/29/12 8:49:01 PM,C,0.104
1/29/12 9:04:01 PM,C,-0.4
1/29/12 9:19:01 PM,C,-0.4
1/29/12 9:34:01 PM,C,-0.904
1/29/12 9:49:01 PM,C,-0.904
1/29/12 10:04:01 PM,C,-0.904
1/29/12 10:19:01 PM,C,-1.408
1/29/12 10:34:01 PM,C,-1.912
1/29/12 10:49:01 PM,C,-1.912
1/29/12 11:04:01 PM,C,-1.912
1/29/12 11:19:01 PM,C,-2.417
1/29/12 11:34:01 PM,C,-2.921
1/29/12 11:49:01 PM,C,-1.912
1/30/12 12:04:01 AM,C,-2.921
1/30/12 12:19:01 AM,C,-3.425
1/30/12 12:34:01 AM,C,-3.425
1/30/12 12:49:01 AM,C,-3.425
1/30/12 1:04:01 AM,C,-3.425
1/30/12 1:19:01 AM,C,-2.921
1/30/12 1:34:01 AM,C,-3.93
1/30/12 1:49:01 AM,C,-3.93
1/30/12 2:04:01 AM,C,-3.93
1/30/12 2:19:01 AM,C,-3.93
1/30/12 2:34:01 AM,C,-2.921
1/30/12 2:49:01 AM,C,-1.408
1/30/12 3:04:01 AM,C,-3.425
1/30/12 3:19:01 AM,C,-3.425
1/30/12 3:34:01 AM,C,-3.93
1/30/12 3:49:01 AM,C,-3.93
1/30/12 4:04:01 AM,C,-3.425
1/30/12 4:19:01 AM,C,-2.417
1/30/12 4:34:01 AM,C,0.608
1/30/12 4:49:01 AM,C,3.63
1/30/12 5:04:01 AM,C,5.643
1/30/12 5:19:01 AM,C,6.649
1/30/12 5:34:01 AM,C,6.146
1/30/12 5:49:01 AM,C,6.649
1/30/12 6:04:01 AM,C,6.649
1/30/12 6:19:01 AM,C,6.146
1/30/12 6:34:01 AM,C,5.14
1/30/12 6:49:01 AM,C,2.623
1/30/12 7:04:01 AM,C,6.146
1/30/12 7:19:01 AM,C,6.146
1/30/12 7:34:01 AM,C,4.133
1/30/12 7:49:01 AM,C,2.623
1/30/12 8:04:01 AM,C,3.126
1/30/12 8:19:01 AM,C,5.643
1/30/12 8:34:01 AM,C,6.649
1/30/12 8:49:01 AM,C,7.654
1/30/12 9:04:01 AM,C,7.654
1/30/12 9:19:01 AM,C,8.157
1/30/12 9:34:01 AM,C,8.66
1/30/12 9:49:01 AM,C,8.66
1/30/12 10:04:01 AM,C,8.66
1/30/12 10:19:01 AM,C,9.162
1/30/12 10:34:01 AM,C,9.665
1/30/12 10:49:01 AM,C,9.665
1/30/12 11:04:01 AM,C,10.67
1/30/12 11:19:01 AM,C,10.67
1/30/12 11:34:01 AM,C,11.172
1/30/12 11:49:01 AM,C,11.674
1/30/12 12:04:01 PM,C,11.674
1/30/12 12:19:01 PM,C,12.176
1/30/12 12:34:01 PM,C,13.682
1/30/12 12:49:01 PM,C,13.682
1/30/12 1:04:01 PM,C,15.689
1/30/12 1:19:01 PM,C,14.685
1/30/12 1:34:01 PM,C,17.193
1/30/12 1:49:01 PM,C,17.193
1/30/12 2:04:01 PM,C,16.19
1/30/12 2:19:01 PM,C,17.694
1/30/12 2:34:01 PM,C,19.698
1/30/12 2:49:01 PM,C,18.696
1/30/12 3:04:01 PM,C,18.696
1/30/12 3:19:01 PM,C,17.694
1/30/12 3:34:01 PM,C,16.19
1/30/12 3:49:01 PM,C,15.187
1/30/12 4:04:01 PM,C,15.187
1/30/12 4:19:01 PM,C,14.685
1/30/12 4:34:01 PM,C,14.685
1/30/12 4:49:01 PM,C,16.692
1/30/12 5:04:01 PM,C,14.685
1/30/12 5:19:01 PM,C,14.184
1/30/12 5:34:01 PM,C,13.682
1/30/12 5:49:01 PM,C,13.18
1/30/12 6:04:01 PM,C,12.176
1/30/12 6:19:01 PM,C,11.674
1/30/12 6:34:01 PM,C,9.162
1/30/12 6:49:01 PM,C,7.152
1/30/12 7:04:01 PM,C,6.146
1/30/12 7:19:01 PM,C,5.643
1/30/12 7:34:01 PM,C,4.636
1/30/12 7:49:01 PM,C,4.133
1/30/12 8:04:01 PM,C,3.126
1/30/12 8:19:01 PM,C,2.623
1/30/12 8:34:01 PM,C,2.623
1/30/12 8:49:01 PM,C,1.616
1/30/12 9:04:01 PM,C,2.119
1/30/12 9:19:01 PM,C,0.608
1/30/12 9:34:01 PM,C,0.104
1/30/12 9:49:01 PM,C,0.104
1/30/12 10:04:01 PM,C,0.104
1/30/12 10:19:01 PM,C,-0.4
1/30/12 10:34:01 PM,C,-0.4
1/30/12 10:49:01 PM,C,-0.4
1/30/12 11:04:01 PM,C,-0.4
1/30/12 11:19:01 PM,C,0.104
1/30/12 11:34:01 PM,C,0.104
1/30/12 11:49:01 PM,C,0.104
1/31/12 12:04:01 AM,C,-0.4
1/31/12 12:19:01 AM,C,-0.4
1/31/12 12:34:01 AM,C,-0.904
1/31/12 12:49:01 AM,C,-0.4
1/31/12 1:04:01 AM,C,-0.904
1/31/12 1:19:01 AM,C,-0.4
1/31/12 1:34:01 AM,C,-0.4
1/31/12 1:49:01 AM,C,-0.4
1/31/12 2:04:01 AM,C,-0.4
1/31/12 2:19:01 AM,C,-0.904
1/31/12 2:34:01 AM,C,-0.904
1/31/12 2:49:01 AM,C,-0.4
1/31/12 3:04:01 AM,C,-0.4
1/31/12 3:19:01 AM,C,-0.904
1/31/12 3:34:01 AM,C,-0.904
1/31/12 3:49:01 AM,C,-1.408
1/31/12 4:04:01 AM,C,-1.408
1/31/12 4:19:01 AM,C,-0.904
1/31/12 4:34:01 AM,C,-0.4
1/31/12 4:49:01 AM,C,-0.4
1/31/12 5:04:01 AM,C,-0.4
1/31/12 5:19:01 AM,C,-0.4
1/31/12 5:34:01 AM,C,-0.4
1/31/12 5:49:01 AM,C,-0.4
1/31/12 6:04:01 AM,C,0.104
1/31/12 6:19:01 AM,C,-1.408
1/31/12 6:34:01 AM,C,-1.408
1/31/12 6:49:01 AM,C,-0.904
1/31/12 7:04:01 AM,C,-1.408
1/31/12 7:19:01 AM,C,-1.408
1/31/12 7:34:01 AM,C,-1.408
1/31/12 7:49:01 AM,C,-1.408
1/31/12 8:04:01 AM,C,-1.408
1/31/12 8:19:01 AM,C,-0.904
1/31/12 8:34:01 AM,C,-0.904
1/31/12 8:49:01 AM,C,0.104
1/31/12 9:04:01 AM,C,0.608
1/31/12 9:19:01 AM,C,2.119
1/31/12 9:34:01 AM,C,9.162
1/31/12 9:49:01 AM,C,9.665
1/31/12 10:04:01 AM,C,10.167
1/31/12 10:19:01 AM,C,10.167
1/31/12 10:34:01 AM,C,10.67
1/31/12 10:49:01 AM,C,11.172
1/31/12 11:04:01 AM,C,11.674
1/31/12 11:19:01 AM,C,12.176
1/31/12 11:34:01 AM,C,12.678
1/31/12 11:49:01 AM,C,13.18
1/31/12 12:04:01 PM,C,14.184
1/31/12 12:19:01 PM,C,14.184
1/31/12 12:34:01 PM,C,15.187
1/31/12 12:49:01 PM,C,14.685
1/31/12 1:04:01 PM,C,16.692
1/31/12 1:19:01 PM,C,16.19
1/31/12 1:34:01 PM,C,17.193
1/31/12 1:49:01 PM,C,16.692
1/31/12 2:04:01 PM,C,17.694
1/31/12 2:19:01 PM,C,17.193
1/31/12 2:34:01 PM,C,18.696
1/31/12 2:49:01 PM,C,19.197
1/31/12 3:04:01 PM,C,18.696
1/31/12 3:19:01 PM,C,17.694
1/31/12 3:34:01 PM,C,17.694
1/31/12 3:49:01 PM,C,15.187
1/31/12 4:04:01 PM,C,15.689
1/31/12 4:19:01 PM,C,15.187
1/31/12 4:34:01 PM,C,15.187
1/31/12 4:49:01 PM,C,17.193
1/31/12 5:04:01 PM,C,15.187
1/31/12 5:19:01 PM,C,14.685
1/31/12 5:34:01 PM,C,14.184
1/31/12 5:49:01 PM,C,13.682
1/31/12 6:04:01 PM,C,13.18
1/31/12 6:19:01 PM,C,12.176
1/31/12 6:34:01 PM,C,10.167
1/31/12 6:49:01 PM,C,8.157
1/31/12 7:04:01 PM,C,6.649
1/31/12 7:19:01 PM,C,5.643
1/31/12 7:34:01 PM,C,5.14
1/31/12 7:49:01 PM,C,4.636
1/31/12 8:04:01 PM,C,3.126
1/31/12 8:19:01 PM,C,2.623
1/31/12 8:34:01 PM,C,2.119
1/31/12 8:49:01 PM,C,2.119
1/31/12 9:04:01 PM,C,2.119
1/31/12 9:19:01 PM,C,1.112
1/31/12 9:34:01 PM,C,1.616
1/31/12 9:49:01 PM,C,1.112
1/31/12 10:04:01 PM,C,0.104
1/31/12 10:19:01 PM,C,1.112
1/31/12 10:34:01 PM,C,0.608
1/31/12 10:49:01 PM,C,0.608
1/31/12 11:04:01 PM,C,-0.4
1/31/12 11:19:01 PM,C,0.608
1/31/12 11:34:01 PM,C,-0.4
1/31/12 11:49:01 PM,C,0.608
2/1/12 12:04:01 AM,C,0.608
2/1/12 12:19:01 AM,C,1.112
2/1/12 12:34:01 AM,C,1.112
2/1/12 12:49:01 AM,C,0.608
2/1/12 1:04:01 AM,C,1.616
2/1/12 1:19:01 AM,C,0.608
2/1/12 1:34:01 AM,C,0.608
2/1/12 1:49:01 AM,C,0.104
2/1/12 2:04:01 AM,C,0.104
2/1/12 2:19:01 AM,C,-0.904
2/1/12 2:34:01 AM,C,-0.4
2/1/12 2:49:01 AM,C,0.608
2/1/12 3:04:01 AM,C,-0.904
2/1/12 3:19:01 AM,C,-0.4
2/1/12 3:34:01 AM,C,-0.4
2/1/12 3:49:01 AM,C,-0.4
2/1/12 4:04:01 AM,C,-0.4
2/1/12 4:19:01 AM,C,-0.904
2/1/12 4:34:01 AM,C,-0.4
2/1/12 4:49:01 AM,C,-0.4
2/1/12 5:04:01 AM,C,-0.4
2/1/12 5:19:01 AM,C,-0.904
2/1/12 5:34:01 AM,C,-0.904
2/1/12 5:49:01 AM,C,-1.408
2/1/12 6:04:01 AM,C,-0.904
2/1/12 6:19:01 AM,C,-1.408
2/1/12 6:34:01 AM,C,-1.408
2/1/12 6:49:01 AM,C,-1.912
2/1/12 7:04:01 AM,C,-1.912
2/1/12 7:19:01 AM,C,-1.912
2/1/12 7:34:01 AM,C,-1.912
2/1/12 7:49:01 AM,C,-1.912
2/1/12 8:04:01 AM,C,-1.408
2/1/12 8:19:01 AM,C,-0.904
2/1/12 8:34:01 AM,C,-1.912
2/1/12 8:49:01 AM,C,-0.904
2/1/12 9:04:01 AM,C,0.104
2/1/12 9:19:01 AM,C,3.126
2/1/12 9:34:01 AM,C,5.14
2/1/12 9:49:01 AM,C,8.66
2/1/12 10:04:01 AM,C,9.162
2/1/12 10:19:01 AM,C,9.665
2/1/12 10:34:01 AM,C,9.665
2/1/12 10:49:01 AM,C,10.167
2/1/12 11:04:01 AM,C,10.67
2/1/12 11:19:01 AM,C,11.172
2/1/12 11:34:01 AM,C,11.172
2/1/12 11:49:01 AM,C,12.176
2/1/12 12:04:01 PM,C,12.176
2/1/12 12:19:01 PM,C,12.678
2/1/12 12:34:01 PM,C,13.682
2/1/12 12:49:01 PM,C,13.682
2/1/12 1:04:01 PM,C,16.19
2/1/12 1:19:01 PM,C,16.692
2/1/12 1:34:01 PM,C,18.696
2/1/12 1:49:01 PM,C,17.193
2/1/12 2:04:01 PM,C,17.694
2/1/12 2:19:01 PM,C,18.696
2/1/12 2:34:01 PM,C,19.698
2/1/12 2:49:01 PM,C,19.197
2/1/12 3:04:01 PM,C,20.7
2/1/12 3:19:01 PM,C,19.197
2/1/12 3:34:01 PM,C,19.197
2/1/12 3:49:01 PM,C,15.689
2/1/12 4:04:01 PM,C,16.19
2/1/12 4:19:01 PM,C,15.689
2/1/12 4:34:01 PM,C,16.19
2/1/12 4:49:01 PM,C,17.694
2/1/12 5:04:01 PM,C,15.689
2/1/12 5:19:01 PM,C,14.184
2/1/12 5:34:01 PM,C,13.682
2/1/12 5:49:01 PM,C,12.678
2/1/12 6:04:01 PM,C,11.674
2/1/12 6:19:01 PM,C,10.67
2/1/12 6:34:01 PM,C,8.66
2/1/12 6:49:01 PM,C,6.649
2/1/12 7:04:01 PM,C,5.643
2/1/12 7:19:01 PM,C,4.133
2/1/12 7:34:01 PM,C,3.126
2/1/12 7:49:01 PM,C,2.623
2/1/12 8:04:01 PM,C,1.616
2/1/12 8:19:01 PM,C,2.119
2/1/12 8:34:01 PM,C,1.616
2/1/12 8:49:01 PM,C,1.616
2/1/12 9:04:01 PM,C,1.112
2/1/12 9:19:01 PM,C,0.608
2/1/12 9:34:01 PM,C,-0.904
2/1/12 9:49:01 PM,C,-0.904
2/1/12 10:04:01 PM,C,-1.408
2/1/12 10:19:01 PM,C,-1.408
2/1/12 10:34:01 PM,C,-1.912
2/1/12 10:49:01 PM,C,-0.904
2/1/12 11:04:01 PM,C,1.112
2/1/12 11:19:01 PM,C,4.636
2/1/12 11:34:01 PM,C,5.643
2/1/12 11:49:01 PM,C,5.643
2/2/12 12:04:01 AM,C,6.146
2/2/12 12:19:01 AM,C,6.146
2/2/12 12:34:01 AM,C,5.14
2/2/12 12:49:01 AM,C,4.636
2/2/12 1:04:01 AM,C,4.133
2/2/12 1:19:01 AM,C,4.636
2/2/12 1:34:01 AM,C,5.643
2/2/12 1:49:01 AM,C,5.643
2/2/12 2:04:01 AM,C,6.146
2/2/12 2:19:01 AM,C,6.146
2/2/12 2:34:01 AM,C,7.152
2/2/12 2:49:01 AM,C,7.654
2/2/12 3:04:01 AM,C,8.66
2/2/12 3:19:01 AM,C,9.162
2/2/12 3:34:01 AM,C,9.162
2/2/12 3:49:01 AM,C,9.162
2/2/12 4:04:01 AM,C,9.665
2/2/12 4:19:01 AM,C,9.162
2/2/12 4:34:01 AM,C,9.162
2/2/12 4:49:01 AM,C,9.162
2/2/12 5:04:01 AM,C,9.162
2/2/12 5:19:01 AM,C,9.665
2/2/12 5:34:01 AM,C,10.67
2/2/12 5:49:01 AM,C,11.172
2/2/12 6:04:01 AM,C,11.172
2/2/12 6:19:01 AM,C,11.172
2/2/12 6:34:01 AM,C,11.172
2/2/12 6:49:01 AM,C,11.172
2/2/12 7:04:01 AM,C,11.172
2/2/12 7:19:01 AM,C,11.172
2/2/12 7:34:01 AM,C,11.172
2/2/12 7:49:01 AM,C,11.674
2/2/12 8:04:01 AM,C,11.674
2/2/12 8:19:01 AM,C,11.674
2/2/12 8:34:01 AM,C,11.674
2/2/12 8:49:01 AM,C,12.176
2/2/12 9:04:01 AM,C,12.176
2/2/12 9:19:01 AM,C,12.678
2/2/12 9:34:01 AM,C,12.678
2/2/12 9:49:01 AM,C,13.18
2/2/12 10:04:01 AM,C,13.682
2/2/12 10:19:01 AM,C,13.18
2/2/12 10:34:01 AM,C,13.18
2/2/12 10:49:01 AM,C,13.682
2/2/12 11:04:01 AM,C,14.184
2/2/12 11:19:01 AM,C,14.685
2/2/12 11:34:01 AM,C,15.187
2/2/12 11:49:01 AM,C,15.689
2/2/12 12:04:01 PM,C,15.689
2/2/12 12:19:01 PM,C,16.19
2/2/12 12:34:01 PM,C,16.19
2/2/12 12:49:01 PM,C,16.692
2/2/12 1:04:01 PM,C,19.197
2/2/12 1:19:01 PM,C,18.195
2/2/12 1:34:01 PM,C,20.199
2/2/12 1:49:01 PM,C,18.195
2/2/12 2:04:01 PM,C,18.696
2/2/12 2:19:01 PM,C,19.698
2/2/12 2:34:01 PM,C,20.199
2/2/12 2:49:01 PM,C,20.199
2/2/12 3:04:01 PM,C,20.7
2/2/12 3:19:01 PM,C,18.696
2/2/12 3:34:01 PM,C,19.698
2/2/12 3:49:01 PM,C,17.193
2/2/12 4:04:01 PM,C,17.694
2/2/12 4:19:01 PM,C,17.694
2/2/12 4:34:01 PM,C,18.195
2/2/12 4:49:01 PM,C,19.197
2/2/12 5:04:01 PM,C,17.193
2/2/12 5:19:01 PM,C,16.692
2/2/12 5:34:01 PM,C,16.19
2/2/12 5:49:01 PM,C,15.689
2/2/12 6:04:01 PM,C,15.187
2/2/12 6:19:01 PM,C,14.685
2/2/12 6:34:01 PM,C,13.18
2/2/12 6:49:01 PM,C,10.67
2/2/12 7:04:01 PM,C,8.66
2/2/12 7:19:01 PM,C,8.66
2/2/12 7:34:01 PM,C,8.157
2/2/12 7:49:01 PM,C,7.152
2/2/12 8:04:01 PM,C,8.66
2/2/12 8:19:01 PM,C,9.665
2/2/12 8:34:01 PM,C,9.162
2/2/12 8:49:01 PM,C,8.157
2/2/12 9:04:01 PM,C,7.152
2/2/12 9:19:01 PM,C,8.66
2/2/12 9:34:01 PM,C,11.172
2/2/12 9:49:01 PM,C,10.67
2/2/12 10:04:01 PM,C,12.678
2/2/12 10:19:01 PM,C,12.678
2/2/12 10:34:01 PM,C,12.176
2/2/12 10:49:01 PM,C,13.18
2/2/12 11:04:01 PM,C,11.172
2/2/12 11:19:01 PM,C,10.167
2/2/12 11:34:01 PM,C,11.674
2/2/12 11:49:01 PM,C,10.167
2/3/12 12:04:01 AM,C,10.167
2/3/12 12:19:01 AM,C,9.162
2/3/12 12:34:01 AM,C,7.654
2/3/12 12:49:01 AM,C,7.152
2/3/12 1:04:01 AM,C,9.665
2/3/12 1:19:01 AM,C,11.172
2/3/12 1:34:01 AM,C,11.674
2/3/12 1:49:01 AM,C,11.172
2/3/12 2:04:01 AM,C,11.172
2/3/12 2:19:01 AM,C,11.172
2/3/12 2:34:01 AM,C,10.67
2/3/12 2:49:01 AM,C,10.67
2/3/12 3:04:01 AM,C,10.67
2/3/12 3:19:01 AM,C,10.67
2/3/12 3:34:01 AM,C,10.67
2/3/12 3:49:01 AM,C,10.67
2/3/12 4:04:01 AM,C,10.167
2/3/12 4:19:01 AM,C,10.167
2/3/12 4:34:01 AM,C,10.167
2/3/12 4:49:01 AM,C,9.665
2/3/12 5:04:01 AM,C,9.665
2/3/12 5:19:01 AM,C,9.665
2/3/12 5:34:01 AM,C,9.665
2/3/12 5:49:01 AM,C,9.162
2/3/12 6:04:01 AM,C,9.162
2/3/12 6:19:01 AM,C,9.162
2/3/12 6:34:01 AM,C,9.162
2/3/12 6:49:01 AM,C,8.66
2/3/12 7:04:01 AM,C,8.66
2/3/12 7:19:01 AM,C,8.66
2/3/12 7:34:01 AM,C,8.157
2/3/12 7:49:01 AM,C,8.157
2/3/12 8:04:01 AM,C,8.157
2/3/12 8:19:01 AM,C,8.157
2/3/12 8:34:01 AM,C,8.66
2/3/12 8:49:01 AM,C,8.66
2/3/12 9:04:01 AM,C,8.66
2/3/12 9:19:01 AM,C,9.162
2/3/12 9:34:01 AM,C,9.162
2/3/12 9:49:01 AM,C,9.162
2/3/12 10:04:01 AM,C,9.162
2/3/12 10:19:01 AM,C,9.665
2/3/12 10:34:01 AM,C,10.167
2/3/12 10:49:01 AM,C,10.67
2/3/12 11:04:01 AM,C,11.172
2/3/12 11:19:01 AM,C,11.172
2/3/12 11:34:01 AM,C,12.176
2/3/12 11:49:01 AM,C,12.678
2/3/12 12:04:01 PM,C,13.18
2/3/12 12:19:01 PM,C,13.682
2/3/12 12:34:01 PM,C,13.682
2/3/12 12:49:01 PM,C,13.682
2/3/12 1:04:01 PM,C,16.19
2/3/12 1:19:01 PM,C,14.685
2/3/12 1:34:01 PM,C,17.694
2/3/12 1:49:01 PM,C,16.19
2/3/12 2:04:01 PM,C,16.19
2/3/12 2:19:01 PM,C,17.193
2/3/12 2:34:01 PM,C,15.187
2/3/12 2:49:01 PM,C,15.187
2/3/12 3:04:01 PM,C,15.187
2/3/12 3:19:01 PM,C,15.187
2/3/12 3:34:01 PM,C,14.685
2/3/12 3:49:01 PM,C,14.184
2/3/12 4:04:01 PM,C,13.682
2/3/12 4:19:01 PM,C,13.682
2/3/12 4:34:01 PM,C,13.682
2/3/12 4:49:01 PM,C,13.18
2/3/12 5:04:01 PM,C,13.18
2/3/12 5:19:01 PM,C,12.678
2/3/12 5:34:01 PM,C,12.176
2/3/12 5:49:01 PM,C,11.674
2/3/12 6:04:01 PM,C,11.172
2/3/12 6:19:01 PM,C,10.67
2/3/12 6:34:01 PM,C,9.162
2/3/12 6:49:01 PM,C,7.654
2/3/12 7:04:01 PM,C,6.146
2/3/12 7:19:01 PM,C,6.146
2/3/12 7:34:01 PM,C,5.643
2/3/12 7:49:01 PM,C,7.152
2/3/12 8:04:01 PM,C,7.152
2/3/12 8:19:01 PM,C,7.654
2/3/12 8:34:01 PM,C,7.654
2/3/12 8:49:01 PM,C,7.152
2/3/12 9:04:01 PM,C,6.649
2/3/12 9:19:01 PM,C,7.152
2/3/12 9:34:01 PM,C,7.152
2/3/12 9:49:01 PM,C,7.152
2/3/12 10:04:01 PM,C,6.146
2/3/12 10:19:01 PM,C,5.643
2/3/12 10:34:01 PM,C,5.14
2/3/12 10:49:01 PM,C,4.636
2/3/12 11:04:01 PM,C,5.14
2/3/12 11:19:01 PM,C,5.14
2/3/12 11:34:01 PM,C,4.636
2/3/12 11:49:01 PM,C,4.133
2/4/12 12:04:01 AM,C,3.63
2/4/12 12:19:01 AM,C,3.126
2/4/12 12:34:01 AM,C,3.126
2/4/12 12:49:01 AM,C,2.623
2/4/12 1:04:01 AM,C,2.623
2/4/12 1:19:01 AM,C,3.126
2/4/12 1:34:01 AM,C,3.126
2/4/12 1:49:01 AM,C,2.623
2/4/12 2:04:01 AM,C,2.623
2/4/12 2:19:01 AM,C,2.119
2/4/12 2:34:01 AM,C,2.119
2/4/12 2:49:01 AM,C,1.616
2/4/12 3:04:01 AM,C,1.616
2/4/12 3:19:01 AM,C,1.112
2/4/12 3:34:01 AM,C,0.608
2/4/12 3:49:01 AM,C,0.608
2/4/12 4:04:01 AM,C,0.104
2/4/12 4:19:01 AM,C,-0.4
2/4/12 4:34:01 AM,C,-0.904
2/4/12 4:49:01 AM,C,-0.904
2/4/12 5:04:01 AM,C,-0.904
2/4/12 5:19:01 AM,C,-0.4
2/4/12 5:34:01 AM,C,-0.4
2/4/12 5:49:01 AM,C,-0.4
2/4/12 6:04:01 AM,C,-0.4
2/4/12 6:19:01 AM,C,-0.4
2/4/12 6:34:01 AM,C,-0.4
2/4/12 6:49:01 AM,C,-0.904
2/4/12 7:04:01 AM,C,-0.904
2/4/12 7:19:01 AM,C,-1.408
2/4/12 7:34:01 AM,C,-1.408
2/4/12 7:49:01 AM,C,-1.408
2/4/12 8:04:01 AM,C,-1.408
2/4/12 8:19:01 AM,C,-1.408
2/4/12 8:34:01 AM,C,-1.912
2/4/12 8:49:01 AM,C,-1.912
2/4/12 9:04:01 AM,C,-1.912
2/4/12 9:19:01 AM,C,-1.408
2/4/12 9:34:01 AM,C,-1.408
2/4/12 9:49:01 AM,C,-1.408
2/4/12 10:04:01 AM,C,-0.904
2/4/12 10:19:01 AM,C,-0.904
2/4/12 10:34:01 AM,C,-0.4
2/4/12 10:49:01 AM,C,-0.904
2/4/12 11:04:01 AM,C,-0.4
2/4/12 11:19:01 AM,C,0.104
2/4/12 11:34:01 AM,C,0.608
2/4/12 11:49:01 AM,C,0.608
2/4/12 12:04:01 PM,C,1.112
2/4/12 12:19:01 PM,C,1.616
2/4/12 12:34:01 PM,C,2.119
2/4/12 12:49:01 PM,C,2.119
2/4/12 1:04:01 PM,C,4.133
2/4/12 1:19:01 PM,C,4.636
2/4/12 1:34:01 PM,C,5.643
2/4/12 1:49:01 PM,C,4.636
2/4/12 2:04:01 PM,C,5.643
2/4/12 2:19:01 PM,C,6.649
2/4/12 2:34:01 PM,C,6.146
2/4/12 2:49:01 PM,C,6.146
2/4/12 3:04:01 PM,C,7.152
2/4/12 3:19:01 PM,C,6.649
2/4/12 3:34:01 PM,C,7.152
2/4/12 3:49:01 PM,C,5.14
2/4/12 4:04:01 PM,C,4.636
2/4/12 4:19:01 PM,C,5.14
2/4/12 4:34:01 PM,C,4.636
2/4/12 4:49:01 PM,C,4.636
2/4/12 5:04:01 PM,C,4.133
2/4/12 5:19:01 PM,C,3.63
2/4/12 5:34:01 PM,C,3.63
2/4/12 5:49:01 PM,C,3.126
2/4/12 6:04:01 PM,C,2.623
2/4/12 6:19:01 PM,C,2.119
2/4/12 6:34:01 PM,C,2.119
2/4/12 6:49:01 PM,C,2.119
2/4/12 7:04:01 PM,C,1.616
2/4/12 7:19:01 PM,C,1.616
2/4/12 7:34:01 PM,C,1.616
2/4/12 7:49:01 PM,C,1.616
2/4/12 8:04:01 PM,C,1.616
2/4/12 8:19:01 PM,C,1.616
2/4/12 8:34:01 PM,C,1.616
2/4/12 8:49:01 PM,C,1.616
2/4/12 9:04:01 PM,C,1.112
2/4/12 9:19:01 PM,C,1.112
2/4/12 9:34:01 PM,C,1.112
2/4/12 9:49:01 PM,C,0.608
2/4/12 10:04:01 PM,C,0.608
2/4/12 10:19:01 PM,C,0.608
2/4/12 10:34:01 PM,C,0.608
2/4/12 10:49:01 PM,C,0.608
2/4/12 11:04:01 PM,C,0.608
2/4/12 11:19:01 PM,C,0.608
2/4/12 11:34:01 PM,C,0.104
2/4/12 11:49:01 PM,C,-0.4
2/5/12 12:04:01 AM,C,-0.904
2/5/12 12:19:01 AM,C,-1.408
2/5/12 12:34:01 AM,C,-1.912
2/5/12 12:49:01 AM,C,-1.912
2/5/12 1:04:01 AM,C,-1.912
2/5/12 1:19:01 AM,C,-1.912
2/5/12 1:34:01 AM,C,-1.408
2/5/12 1:49:01 AM,C,-0.4
2/5/12 2:04:01 AM,C,-0.4
2/5/12 2:19:01 AM,C,-0.904
2/5/12 2:34:01 AM,C,-0.4
2/5/12 2:49:01 AM,C,-0.904
2/5/12 3:04:01 AM,C,-1.408
2/5/12 3:19:01 AM,C,-1.912
2/5/12 3:34:01 AM,C,-1.408
2/5/12 3:49:01 AM,C,-1.912
2/5/12 4:04:01 AM,C,-1.912
2/5/12 4:19:01 AM,C,-1.912
2/5/12 4:34:01 AM,C,-1.912
2/5/12 4:49:01 AM,C,-1.912
2/5/12 5:04:01 AM,C,-2.417
2/5/12 5:19:01 AM,C,-2.417
2/5/12 5:34:01 AM,C,-2.417
2/5/12 5:49:01 AM,C,-2.417
2/5/12 6:04:01 AM,C,-2.417
2/5/12 6:19:01 AM,C,-2.417
2/5/12 6:34:01 AM,C,-2.417
2/5/12 6:49:01 AM,C,-2.417
2/5/12 7:04:01 AM,C,-2.417
2/5/12 7:19:01 AM,C,-2.417
2/5/12 7:34:01 AM,C,-2.417
2/5/12 7:49:01 AM,C,-2.417
2/5/12 8:04:01 AM,C,-2.921
2/5/12 8:19:01 AM,C,-2.417
2/5/12 8:34:01 AM,C,-2.921
2/5/12 8:49:01 AM,C,-2.921
2/5/12 9:04:01 AM,C,-2.921
2/5/12 9:19:01 AM,C,-2.417
2/5/12 9:34:01 AM,C,-1.912
2/5/12 9:49:01 AM,C,-1.912
2/5/12 10:04:01 AM,C,-1.408
2/5/12 10:19:01 AM,C,-0.904
2/5/12 10:34:01 AM,C,-0.4
2/5/12 10:49:01 AM,C,0.104
2/5/12 11:04:01 AM,C,0.608
2/5/12 11:19:01 AM,C,1.112
2/5/12 11:34:01 AM,C,2.119
2/5/12 11:49:01 AM,C,2.119
2/5/12 12:04:01 PM,C,3.126
2/5/12 12:19:01 PM,C,3.126
2/5/12 12:34:01 PM,C,3.126
2/5/12 12:49:01 PM,C,4.636
2/5/12 1:04:01 PM,C,5.643
2/5/12 1:19:01 PM,C,5.14
2/5/12 1:34:01 PM,C,5.643
2/5/12 1:49:01 PM,C,5.643
2/5/12 2:04:01 PM,C,5.14
2/5/12 2:19:01 PM,C,5.643
2/5/12 2:34:01 PM,C,4.636
2/5/12 2:49:01 PM,C,5.643
2/5/12 3:04:01 PM,C,7.152
2/5/12 3:19:01 PM,C,6.649
2/5/12 3:34:01 PM,C,7.654
2/5/12 3:49:01 PM,C,5.14
2/5/12 4:04:01 PM,C,5.14
2/5/12 4:19:01 PM,C,6.146
2/5/12 4:34:01 PM,C,5.14
2/5/12 4:49:01 PM,C,5.643
2/5/12 5:04:01 PM,C,4.133
2/5/12 5:19:01 PM,C,3.126
2/5/12 5:34:01 PM,C,3.126
2/5/12 5:49:01 PM,C,2.119
2/5/12 6:04:01 PM,C,2.119
2/5/12 6:19:01 PM,C,1.112
2/5/12 6:34:01 PM,C,0.608
2/5/12 6:49:01 PM,C,0.104
2/5/12 7:04:01 PM,C,-0.4
2/5/12 7:19:01 PM,C,-0.904
2/5/12 7:34:01 PM,C,-0.904
2/5/12 7:49:01 PM,C,-0.904
2/5/12 8:04:01 PM,C,-1.408
2/5/12 8:19:01 PM,C,-1.408
2/5/12 8:34:01 PM,C,-1.912
2/5/12 8:49:01 PM,C,-2.417
2/5/12 9:04:01 PM,C,-2.921
2/5/12 9:19:01 PM,C,-2.921
2/5/12 9:34:01 PM,C,-3.425
2/5/12 9:49:01 PM,C,-3.425
2/5/12 10:04:01 PM,C,-3.93
2/5/12 10:19:01 PM,C,-2.921
2/5/12 10:34:01 PM,C,-2.921
2/5/12 10:49:01 PM,C,-2.417
2/5/12 11:04:01 PM,C,-2.417
2/5/12 11:19:01 PM,C,-1.912
2/5/12 11:34:01 PM,C,-1.408
2/5/12 11:49:01 PM,C,-0.4
2/6/12 12:04:01 AM,C,0.104
2/6/12 12:19:01 AM,C,0.608
2/6/12 12:34:01 AM,C,0.608
2/6/12 12:49:01 AM,C,0.608
2/6/12 1:04:01 AM,C,0.608
2/6/12 1:19:01 AM,C,1.616
2/6/12 1:34:01 AM,C,2.119
2/6/12 1:49:01 AM,C,1.616
2/6/12 2:04:01 AM,C,1.616
2/6/12 2:19:01 AM,C,1.616
2/6/12 2:34:01 AM,C,1.616
2/6/12 2:49:01 AM,C,1.616
2/6/12 3:04:01 AM,C,1.616
2/6/12 3:19:01 AM,C,1.616
2/6/12 3:34:01 AM,C,1.112
2/6/12 3:49:01 AM,C,1.112
2/6/12 4:04:01 AM,C,0.608
2/6/12 4:19:01 AM,C,-0.4
2/6/12 4:34:01 AM,C,-0.904
2/6/12 4:49:01 AM,C,-1.408
2/6/12 5:04:01 AM,C,-0.904
2/6/12 5:19:01 AM,C,-0.4
2/6/12 5:34:01 AM,C,-1.408
2/6/12 5:49:01 AM,C,-1.912
2/6/12 6:04:01 AM,C,-2.921
2/6/12 6:19:01 AM,C,-3.425
2/6/12 6:34:01 AM,C,-3.93
2/6/12 6:49:01 AM,C,-3.93
2/6/12 7:04:01 AM,C,-4.435
2/6/12 7:19:01 AM,C,-4.435
2/6/12 7:34:01 AM,C,-4.939
2/6/12 7:49:01 AM,C,-4.939
2/6/12 8:04:01 AM,C,-4.435
2/6/12 8:19:01 AM,C,-4.939
2/6/12 8:34:01 AM,C,-4.435
2/6/12 8:49:01 AM,C,-4.435
2/6/12 9:04:01 AM,C,-2.417
2/6/12 9:19:01 AM,C,-1.408
2/6/12 9:34:01 AM,C,-0.4
2/6/12 9:49:01 AM,C,1.112
2/6/12 10:04:01 AM,C,2.119
2/6/12 10:19:01 AM,C,3.126
2/6/12 10:34:01 AM,C,4.133
2/6/12 10:49:01 AM,C,5.643
2/6/12 11:04:01 AM,C,7.152
2/6/12 11:19:01 AM,C,9.162
2/6/12 11:34:01 AM,C,9.162
2/6/12 11:49:01 AM,C,9.665
2/6/12 12:04:01 PM,C,10.167
2/6/12 12:19:01 PM,C,10.167
2/6/12 12:34:01 PM,C,10.167
2/6/12 12:49:01 PM,C,11.172
2/6/12 1:04:01 PM,C,12.176
2/6/12 1:19:01 PM,C,12.678
2/6/12 1:34:01 PM,C,12.176
2/6/12 1:49:01 PM,C,13.18
2/6/12 2:04:01 PM,C,14.685
2/6/12 2:19:01 PM,C,15.187
2/6/12 2:34:01 PM,C,14.184
2/6/12 2:49:01 PM,C,16.19
2/6/12 3:04:01 PM,C,15.187
2/6/12 3:19:01 PM,C,14.184
2/6/12 3:34:01 PM,C,15.187
2/6/12 3:49:01 PM,C,12.678
2/6/12 4:04:01 PM,C,12.176
2/6/12 4:19:01 PM,C,13.682
2/6/12 4:34:01 PM,C,13.18
2/6/12 4:49:01 PM,C,12.678
2/6/12 5:04:01 PM,C,12.176
2/6/12 5:19:01 PM,C,11.172
2/6/12 5:34:01 PM,C,11.172
2/6/12 5:49:01 PM,C,11.172
2/6/12 6:04:01 PM,C,10.67
2/6/12 6:19:01 PM,C,9.665
2/6/12 6:34:01 PM,C,8.66
2/6/12 6:49:01 PM,C,7.654
2/6/12 7:04:01 PM,C,6.146
2/6/12 7:19:01 PM,C,5.14
2/6/12 7:34:01 PM,C,4.133
2/6/12 7:49:01 PM,C,3.63
2/6/12 8:04:01 PM,C,2.623
2/6/12 8:19:01 PM,C,1.616
2/6/12 8:34:01 PM,C,1.616
2/6/12 8:49:01 PM,C,1.112
2/6/12 9:04:01 PM,C,0.608
2/6/12 9:19:01 PM,C,0.104
2/6/12 9:34:01 PM,C,-0.4
2/6/12 9:49:01 PM,C,-0.4
2/6/12 10:04:01 PM,C,-0.904
2/6/12 10:19:01 PM,C,0.104
2/6/12 10:34:01 PM,C,-0.4
2/6/12 10:49:01 PM,C,-0.4
2/6/12 11:04:01 PM,C,-0.4
2/6/12 11:19:01 PM,C,-0.4
2/6/12 11:34:01 PM,C,-0.4
2/6/12 11:49:01 PM,C,-0.904
2/7/12 12:04:01 AM,C,-0.904
2/7/12 12:19:01 AM,C,-0.4
2/7/12 12:34:01 AM,C,-0.4
2/7/12 12:49:01 AM,C,-0.904
2/7/12 1:04:01 AM,C,-1.408
2/7/12 1:19:01 AM,C,-1.408
2/7/12 1:34:01 AM,C,-1.912
2/7/12 1:49:01 AM,C,-1.912
2/7/12 2:04:01 AM,C,-2.417
2/7/12 2:19:01 AM,C,-2.417
2/7/12 2:34:01 AM,C,-1.912
2/7/12 2:49:01 AM,C,-2.921
2/7/12 3:04:01 AM,C,-2.921
2/7/12 3:19:01 AM,C,-2.921
2/7/12 3:34:01 AM,C,-2.921
2/7/12 3:49:01 AM,C,-2.921
2/7/12 4:04:01 AM,C,-1.912
2/7/12 4:19:01 AM,C,0.608
2/7/12 4:34:01 AM,C,3.126
2/7/12 4:49:01 AM,C,4.133
2/7/12 5:04:01 AM,C,4.133
2/7/12 5:19:01 AM,C,5.14
2/7/12 5:34:01 AM,C,2.623
2/7/12 5:49:01 AM,C,3.126
2/7/12 6:04:01 AM,C,1.112
2/7/12 6:19:01 AM,C,0.608
2/7/12 6:34:01 AM,C,0.104
2/7/12 6:49:01 AM,C,0.104
2/7/12 7:04:01 AM,C,0.608
2/7/12 7:19:01 AM,C,0.608
2/7/12 7:34:01 AM,C,0.104
2/7/12 7:49:01 AM,C,-0.904
2/7/12 8:04:01 AM,C,0.104
2/7/12 8:19:01 AM,C,1.112
2/7/12 8:34:01 AM,C,0.608
2/7/12 8:49:01 AM,C,0.608
2/7/12 9:04:01 AM,C,2.119
2/7/12 9:19:01 AM,C,4.133
2/7/12 9:34:01 AM,C,8.66
2/7/12 9:49:01 AM,C,8.66
2/7/12 10:04:01 AM,C,9.162
2/7/12 10:19:01 AM,C,9.665
2/7/12 10:34:01 AM,C,10.167
2/7/12 10:49:01 AM,C,10.67
2/7/12 11:04:01 AM,C,10.167
2/7/12 11:19:01 AM,C,10.67
2/7/12 11:34:01 AM,C,10.67
2/7/12 11:49:01 AM,C,10.167
2/7/12 12:04:01 PM,C,9.665
2/7/12 12:19:01 PM,C,9.162
2/7/12 12:34:01 PM,C,8.66
2/7/12 12:49:01 PM,C,8.66
2/7/12 1:04:01 PM,C,9.162
2/7/12 1:19:01 PM,C,9.162
2/7/12 1:34:01 PM,C,8.66
2/7/12 1:49:01 PM,C,10.167
2/7/12 2:04:01 PM,C,10.67
2/7/12 2:19:01 PM,C,9.665
2/7/12 2:34:01 PM,C,10.67
2/7/12 2:49:01 PM,C,10.167
2/7/12 3:04:01 PM,C,10.167
2/7/12 3:19:01 PM,C,8.157
2/7/12 3:34:01 PM,C,9.665
2/7/12 3:49:01 PM,C,7.152
2/7/12 4:04:01 PM,C,6.649
2/7/12 4:19:01 PM,C,6.146
2/7/12 4:34:01 PM,C,8.157
2/7/12 4:49:01 PM,C,6.649
2/7/12 5:04:01 PM,C,5.643
2/7/12 5:19:01 PM,C,5.14
2/7/12 5:34:01 PM,C,5.14
2/7/12 5:49:01 PM,C,4.636
2/7/12 6:04:01 PM,C,4.133
2/7/12 6:19:01 PM,C,3.63
2/7/12 6:34:01 PM,C,3.126
2/7/12 6:49:01 PM,C,3.126
2/7/12 7:04:01 PM,C,2.119
2/7/12 7:19:01 PM,C,1.616
2/7/12 7:34:01 PM,C,1.112
2/7/12 7:49:01 PM,C,1.616
2/7/12 8:04:01 PM,C,1.616
2/7/12 8:19:01 PM,C,1.112
2/7/12 8:34:01 PM,C,0.104
2/7/12 8:49:01 PM,C,-0.4
2/7/12 9:04:01 PM,C,-1.408
2/7/12 9:19:01 PM,C,-1.912
2/7/12 9:34:01 PM,C,-2.417
2/7/12 9:49:01 PM,C,-2.417
2/7/12 10:04:01 PM,C,-2.921
2/7/12 10:19:01 PM,C,-2.921
2/7/12 10:34:01 PM,C,-2.921
2/7/12 10:49:01 PM,C,-3.425
2/7/12 11:04:01 PM,C,-3.425
2/7/12 11:19:01 PM,C,-2.417
2/7/12 11:34:01 PM,C,-1.912
2/7/12 11:49:01 PM,C,-2.417
2/8/12 12:04:01 AM,C,-1.912
2/8/12 12:19:01 AM,C,-0.904
2/8/12 12:34:01 AM,C,-0.904
2/8/12 12:49:01 AM,C,-0.4
2/8/12 1:04:01 AM,C,0.104
2/8/12 1:19:01 AM,C,0.104
2/8/12 1:34:01 AM,C,0.104
2/8/12 1:49:01 AM,C,-0.4
2/8/12 2:04:01 AM,C,-0.4
2/8/12 2:19:01 AM,C,-0.4
2/8/12 2:34:01 AM,C,-0.4
2/8/12 2:49:01 AM,C,-0.4
2/8/12 3:04:01 AM,C,-0.4
2/8/12 3:19:01 AM,C,-0.904
2/8/12 3:34:01 AM,C,-0.904
2/8/12 3:49:01 AM,C,-0.904
2/8/12 4:04:01 AM,C,-1.408
2/8/12 4:19:01 AM,C,-1.408
2/8/12 4:34:01 AM,C,-1.912
2/8/12 4:49:01 AM,C,-1.912
2/8/12 5:04:01 AM,C,-1.408
2/8/12 5:19:01 AM,C,-1.408
2/8/12 5:34:01 AM,C,-1.912
2/8/12 5:49:01 AM,C,-0.904
2/8/12 6:04:01 AM,C,-0.4
2/8/12 6:19:01 AM,C,0.104
2/8/12 6:34:01 AM,C,0.104
2/8/12 6:49:01 AM,C,0.104
2/8/12 7:04:01 AM,C,0.608
2/8/12 7:19:01 AM,C,0.608
2/8/12 7:34:01 AM,C,0.608
2/8/12 7:49:01 AM,C,0.608
2/8/12 8:04:01 AM,C,0.608
2/8/12 8:19:01 AM,C,0.608
2/8/12 8:34:01 AM,C,1.112
2/8/12 8:49:01 AM,C,1.616
2/8/12 9:04:01 AM,C,1.616
2/8/12 9:19:01 AM,C,1.616
2/8/12 9:34:01 AM,C,1.616
2/8/12 9:49:01 AM,C,1.616
2/8/12 10:04:01 AM,C,2.119
2/8/12 10:19:01 AM,C,1.616
2/8/12 10:34:01 AM,C,3.126
2/8/12 10:49:01 AM,C,3.63
2/8/12 11:04:01 AM,C,4.133
2/8/12 11:19:01 AM,C,4.133
2/8/12 11:34:01 AM,C,5.14
2/8/12 11:49:01 AM,C,4.636
2/8/12 12:04:01 PM,C,7.152
2/8/12 12:19:01 PM,C,6.146
2/8/12 12:34:01 PM,C,7.152
2/8/12 12:49:01 PM,C,8.66
2/8/12 1:04:01 PM,C,9.162
2/8/12 1:19:01 PM,C,10.67
2/8/12 1:34:01 PM,C,10.67
2/8/12 1:49:01 PM,C,11.172
2/8/12 2:04:01 PM,C,10.67
2/8/12 2:19:01 PM,C,10.67
2/8/12 2:34:01 PM,C,11.172
2/8/12 2:49:01 PM,C,10.67
2/8/12 3:04:01 PM,C,12.176
2/8/12 3:19:01 PM,C,11.674
2/8/12 3:34:01 PM,C,12.176
2/8/12 3:49:01 PM,C,10.167
2/8/12 4:04:01 PM,C,11.172
2/8/12 4:19:01 PM,C,11.172
2/8/12 4:34:01 PM,C,12.176
2/8/12 4:49:01 PM,C,11.172
2/8/12 5:04:01 PM,C,10.167
2/8/12 5:19:01 PM,C,9.665
2/8/12 5:34:01 PM,C,9.665
2/8/12 5:49:01 PM,C,9.665
2/8/12 6:04:01 PM,C,9.162
2/8/12 6:19:01 PM,C,8.66
2/8/12 6:34:01 PM,C,7.654
2/8/12 6:49:01 PM,C,6.649
2/8/12 7:04:01 PM,C,6.146
2/8/12 7:19:01 PM,C,5.14
2/8/12 7:34:01 PM,C,4.636
2/8/12 7:49:01 PM,C,3.63
2/8/12 8:04:01 PM,C,3.126
2/8/12 8:19:01 PM,C,1.616
2/8/12 8:34:01 PM,C,0.608
2/8/12 8:49:01 PM,C,0.608
2/8/12 9:04:01 PM,C,0.104
2/8/12 9:19:01 PM,C,-0.4
2/8/12 9:34:01 PM,C,-0.4
2/8/12 9:49:01 PM,C,-0.904
2/8/12 10:04:01 PM,C,-0.4
2/8/12 10:19:01 PM,C,-1.408
2/8/12 10:34:01 PM,C,-1.912
2/8/12 10:49:01 PM,C,-1.408
2/8/12 11:04:01 PM,C,-1.912
2/8/12 11:19:01 PM,C,-1.912
2/8/12 11:34:01 PM,C,-1.912
2/8/12 11:49:01 PM,C,-1.912
2/9/12 12:04:01 AM,C,-0.904
2/9/12 12:19:01 AM,C,-0.904
2/9/12 12:34:01 AM,C,-0.4
2/9/12 12:49:01 AM,C,-0.4
2/9/12 1:04:01 AM,C,-0.4
2/9/12 1:19:01 AM,C,0.104
2/9/12 1:34:01 AM,C,-0.4
2/9/12 1:49:01 AM,C,-0.4
2/9/12 2:04:01 AM,C,-0.904
2/9/12 2:19:01 AM,C,-1.408
2/9/12 2:34:01 AM,C,-1.912
2/9/12 2:49:01 AM,C,-2.417
2/9/12 3:04:01 AM,C,-2.417
2/9/12 3:19:01 AM,C,-2.921
2/9/12 3:34:01 AM,C,-2.417
2/9/12 3:49:01 AM,C,-2.417
2/9/12 4:04:01 AM,C,-2.417
2/9/12 4:19:01 AM,C,-2.921
2/9/12 4:34:01 AM,C,-2.921
2/9/12 4:49:01 AM,C,-3.425
2/9/12 5:04:01 AM,C,-3.425
2/9/12 5:19:01 AM,C,-1.912
2/9/12 5:34:01 AM,C,-2.417
2/9/12 5:49:01 AM,C,-2.417
2/9/12 6:04:01 AM,C,-0.904
2/9/12 6:19:01 AM,C,5.643
2/9/12 6:34:01 AM,C,6.146
2/9/12 6:49:01 AM,C,5.14
2/9/12 7:04:01 AM,C,3.126
2/9/12 7:19:01 AM,C,0.104
2/9/12 7:34:01 AM,C,0.104
2/9/12 7:49:01 AM,C,4.636
2/9/12 8:04:01 AM,C,5.14
2/9/12 8:19:01 AM,C,5.643
2/9/12 8:34:01 AM,C,4.636
2/9/12 8:49:01 AM,C,7.152
2/9/12 9:04:01 AM,C,7.654
2/9/12 9:19:01 AM,C,8.157
2/9/12 9:34:01 AM,C,8.66
2/9/12 9:49:01 AM,C,8.66
2/9/12 10:04:01 AM,C,9.162
2/9/12 10:19:01 AM,C,9.162
2/9/12 10:34:01 AM,C,9.162
2/9/12 10:49:01 AM,C,9.665
2/9/12 11:04:01 AM,C,9.665
2/9/12 11:19:01 AM,C,11.172
2/9/12 11:34:01 AM,C,11.172
2/9/12 11:49:01 AM,C,10.67
2/9/12 12:04:01 PM,C,10.67
2/9/12 12:19:01 PM,C,11.674
2/9/12 12:34:01 PM,C,11.674
2/9/12 12:49:01 PM,C,12.176
2/9/12 1:04:01 PM,C,12.176
2/9/12 1:19:01 PM,C,12.678
2/9/12 1:34:01 PM,C,13.682
2/9/12 1:49:01 PM,C,13.18
2/9/12 2:04:01 PM,C,15.187
2/9/12 2:19:01 PM,C,15.187
2/9/12 2:34:01 PM,C,14.685
2/9/12 2:49:01 PM,C,15.187
2/9/12 3:04:01 PM,C,15.689
2/9/12 3:19:01 PM,C,14.184
2/9/12 3:34:01 PM,C,15.187
2/9/12 3:49:01 PM,C,13.682
2/9/12 4:04:01 PM,C,14.685
2/9/12 4:19:01 PM,C,14.685
2/9/12 4:34:01 PM,C,15.689
2/9/12 4:49:01 PM,C,13.18
2/9/12 5:04:01 PM,C,13.18
2/9/12 5:19:01 PM,C,13.18
2/9/12 5:34:01 PM,C,12.176
2/9/12 5:49:01 PM,C,11.674
2/9/12 6:04:01 PM,C,12.176
2/9/12 6:19:01 PM,C,11.172
2/9/12 6:34:01 PM,C,10.67
2/9/12 6:49:01 PM,C,10.167
2/9/12 7:04:01 PM,C,9.665
2/9/12 7:19:01 PM,C,8.66
2/9/12 7:34:01 PM,C,7.152
2/9/12 7:49:01 PM,C,6.146
2/9/12 8:04:01 PM,C,5.643
2/9/12 8:19:01 PM,C,4.636
2/9/12 8:34:01 PM,C,4.636
2/9/12 8:49:01 PM,C,3.63
2/9/12 9:04:01 PM,C,3.63
2/9/12 9:19:01 PM,C,4.133
2/9/12 9:34:01 PM,C,5.643
2/9/12 9:49:01 PM,C,6.146
2/9/12 10:04:01 PM,C,5.14
2/9/12 10:19:01 PM,C,5.14
2/9/12 10:34:01 PM,C,5.643
2/9/12 10:49:01 PM,C,4.133
2/9/12 11:04:01 PM,C,3.126
2/9/12 11:19:01 PM,C,1.616
2/9/12 11:34:01 PM,C,1.616
2/9/12 11:49:01 PM,C,1.616
2/10/12 12:04:01 AM,C,1.112
2/10/12 12:19:01 AM,C,0.608
2/10/12 12:34:01 AM,C,0.104
2/10/12 12:49:01 AM,C,0.104
2/10/12 1:04:01 AM,C,0.104
2/10/12 1:19:01 AM,C,0.104
2/10/12 1:34:01 AM,C,0.104
2/10/12 1:49:01 AM,C,1.112
2/10/12 2:04:01 AM,C,6.146
2/10/12 2:19:01 AM,C,5.643
2/10/12 2:34:01 AM,C,4.636
2/10/12 2:49:01 AM,C,3.126
2/10/12 3:04:01 AM,C,2.119
2/10/12 3:19:01 AM,C,1.112
2/10/12 3:34:01 AM,C,1.616
2/10/12 3:49:01 AM,C,1.616
2/10/12 4:04:01 AM,C,1.112
2/10/12 4:19:01 AM,C,0.608
2/10/12 4:34:01 AM,C,0.608
2/10/12 4:49:01 AM,C,0.608
2/10/12 5:04:01 AM,C,0.608
2/10/12 5:19:01 AM,C,0.104
2/10/12 5:34:01 AM,C,0.104
2/10/12 5:49:01 AM,C,0.104
2/10/12 6:04:01 AM,C,0.104
2/10/12 6:19:01 AM,C,0.104
2/10/12 6:34:01 AM,C,0.104
2/10/12 6:49:01 AM,C,0.104
2/10/12 7:04:01 AM,C,0.104
2/10/12 7:19:01 AM,C,0.104
2/10/12 7:34:01 AM,C,0.104
2/10/12 7:49:01 AM,C,0.104
2/10/12 8:04:01 AM,C,0.104
2/10/12 8:19:01 AM,C,0.608
2/10/12 8:34:01 AM,C,0.608
2/10/12 8:49:01 AM,C,1.112
2/10/12 9:04:01 AM,C,1.616
2/10/12 9:19:01 AM,C,1.112
2/10/12 9:34:01 AM,C,0.608
2/10/12 9:49:01 AM,C,1.112
2/10/12 10:04:01 AM,C,1.616
2/10/12 10:19:01 AM,C,2.119
2/10/12 10:34:01 AM,C,3.126
2/10/12 10:49:01 AM,C,3.63
2/10/12 11:04:01 AM,C,4.133
2/10/12 11:19:01 AM,C,5.14
2/10/12 11:34:01 AM,C,6.649
2/10/12 11:49:01 AM,C,7.654
2/10/12 12:04:01 PM,C,7.654
2/10/12 12:19:01 PM,C,10.167
2/10/12 12:34:01 PM,C,9.162
2/10/12 12:49:01 PM,C,10.167
2/10/12 1:04:01 PM,C,10.167
2/10/12 1:19:01 PM,C,11.172
2/10/12 1:34:01 PM,C,11.674
2/10/12 1:49:01 PM,C,12.678
2/10/12 2:04:01 PM,C,14.184
2/10/12 2:19:01 PM,C,13.682
2/10/12 2:34:01 PM,C,13.682
2/10/12 2:49:01 PM,C,13.682
2/10/12 3:04:01 PM,C,13.18
2/10/12 3:19:01 PM,C,12.678
2/10/12 3:34:01 PM,C,13.682
2/10/12 3:49:01 PM,C,10.67
2/10/12 4:04:01 PM,C,11.674
2/10/12 4:19:01 PM,C,12.176
2/10/12 4:34:01 PM,C,12.678
2/10/12 4:49:01 PM,C,11.172
2/10/12 5:04:01 PM,C,10.167
2/10/12 5:19:01 PM,C,9.665
2/10/12 5:34:01 PM,C,9.665
2/10/12 5:49:01 PM,C,9.162
2/10/12 6:04:01 PM,C,8.66
2/10/12 6:19:01 PM,C,8.157
2/10/12 6:34:01 PM,C,7.654
2/10/12 6:49:01 PM,C,7.152
2/10/12 7:04:01 PM,C,6.649
2/10/12 7:19:01 PM,C,4.133
2/10/12 7:34:01 PM,C,2.623
2/10/12 7:49:01 PM,C,2.119
2/10/12 8:04:01 PM,C,2.119
2/10/12 8:19:01 PM,C,0.104
2/10/12 8:34:01 PM,C,-0.4
2/10/12 8:49:01 PM,C,-0.904
2/10/12 9:04:01 PM,C,-0.904
2/10/12 9:19:01 PM,C,-0.904
2/10/12 9:34:01 PM,C,-0.904
2/10/12 9:49:01 PM,C,-1.408
2/10/12 10:04:01 PM,C,-2.417
2/10/12 10:19:01 PM,C,-2.417
2/10/12 10:34:01 PM,C,-1.408
2/10/12 10:49:01 PM,C,-2.921
2/10/12 11:04:01 PM,C,-3.425
2/10/12 11:19:01 PM,C,-2.417
2/10/12 11:34:01 PM,C,-2.417
2/10/12 11:49:01 PM,C,-3.425
2/11/12 12:04:01 AM,C,-2.921
2/11/12 12:19:01 AM,C,-2.921
2/11/12 12:34:01 AM,C,-2.417
2/11/12 12:49:01 AM,C,-3.425
2/11/12 1:04:01 AM,C,-3.425
2/11/12 1:19:01 AM,C,-2.921
2/11/12 1:34:01 AM,C,-2.921
2/11/12 1:49:01 AM,C,-3.425
2/11/12 2:04:01 AM,C,-2.921
2/11/12 2:19:01 AM,C,-3.425
2/11/12 2:34:01 AM,C,-3.93
2/11/12 2:49:01 AM,C,-2.921
2/11/12 3:04:01 AM,C,-3.425
2/11/12 3:19:01 AM,C,-3.425
2/11/12 3:34:01 AM,C,-2.921
2/11/12 3:49:01 AM,C,-2.417
2/11/12 4:04:01 AM,C,-2.921
2/11/12 4:19:01 AM,C,-2.921
2/11/12 4:34:01 AM,C,-3.425
2/11/12 4:49:01 AM,C,-3.425
2/11/12 5:04:01 AM,C,-3.425
2/11/12 5:19:01 AM,C,-2.921
2/11/12 5:34:01 AM,C,-2.921
2/11/12 5:49:01 AM,C,-3.93
2/11/12 6:04:01 AM,C,-3.93
2/11/12 6:19:01 AM,C,-3.425
2/11/12 6:34:01 AM,C,-2.921
2/11/12 6:49:01 AM,C,-3.425
2/11/12 7:04:01 AM,C,-3.93
2/11/12 7:19:01 AM,C,-3.425
2/11/12 7:34:01 AM,C,-3.425
2/11/12 7:49:01 AM,C,-3.425
2/11/12 8:04:01 AM,C,-2.921
2/11/12 8:19:01 AM,C,-1.912
2/11/12 8:34:01 AM,C,-2.921
2/11/12 8:49:01 AM,C,-1.408
2/11/12 9:04:01 AM,C,1.112
2/11/12 9:19:01 AM,C,3.126
2/11/12 9:34:01 AM,C,5.14
2/11/12 9:49:01 AM,C,6.146
2/11/12 10:04:01 AM,C,8.157
2/11/12 10:19:01 AM,C,9.162
2/11/12 10:34:01 AM,C,10.167
2/11/12 10:49:01 AM,C,10.67
2/11/12 11:04:01 AM,C,10.67
2/11/12 11:19:01 AM,C,10.67
2/11/12 11:34:01 AM,C,11.674
2/11/12 11:49:01 AM,C,11.674
2/11/12 12:04:01 PM,C,11.172
2/11/12 12:19:01 PM,C,12.678
2/11/12 12:34:01 PM,C,11.172
2/11/12 12:49:01 PM,C,12.176
2/11/12 1:04:01 PM,C,13.18
2/11/12 1:19:01 PM,C,12.678
2/11/12 1:34:01 PM,C,13.682
2/11/12 1:49:01 PM,C,14.685
2/11/12 2:04:01 PM,C,16.19
2/11/12 2:19:01 PM,C,15.187
2/11/12 2:34:01 PM,C,13.682
2/11/12 2:49:01 PM,C,14.685
2/11/12 3:04:01 PM,C,12.176
2/11/12 3:19:01 PM,C,12.176
2/11/12 3:34:01 PM,C,12.176
2/11/12 3:49:01 PM,C,10.167
2/11/12 4:04:01 PM,C,10.67
2/11/12 4:19:01 PM,C,9.665
2/11/12 4:34:01 PM,C,9.665
2/11/12 4:49:01 PM,C,9.162
2/11/12 5:04:01 PM,C,7.152
2/11/12 5:19:01 PM,C,6.649
2/11/12 5:34:01 PM,C,6.146
2/11/12 5:49:01 PM,C,5.643
2/11/12 6:04:01 PM,C,5.14
2/11/12 6:19:01 PM,C,4.133
2/11/12 6:34:01 PM,C,3.63
2/11/12 6:49:01 PM,C,2.623
2/11/12 7:04:01 PM,C,2.623
2/11/12 7:19:01 PM,C,2.119
2/11/12 7:34:01 PM,C,1.112
2/11/12 7:49:01 PM,C,0.608
2/11/12 8:04:01 PM,C,1.112
2/11/12 8:19:01 PM,C,0.608
2/11/12 8:34:01 PM,C,0.608
2/11/12 8:49:01 PM,C,0.608
2/11/12 9:04:01 PM,C,0.608
2/11/12 9:19:01 PM,C,0.608
2/11/12 9:34:01 PM,C,0.608
2/11/12 9:49:01 PM,C,0.608
2/11/12 10:04:01 PM,C,0.608
2/11/12 10:19:01 PM,C,0.608
2/11/12 10:34:01 PM,C,0.608
2/11/12 10:49:01 PM,C,0.608
2/11/12 11:04:01 PM,C,0.608
2/11/12 11:19:01 PM,C,0.608
2/11/12 11:34:01 PM,C,0.608
2/11/12 11:49:01 PM,C,0.608
2/12/12 12:04:01 AM,C,0.104
2/12/12 12:19:01 AM,C,0.104
2/12/12 12:34:01 AM,C,-0.4
2/12/12 12:49:01 AM,C,0.104
2/12/12 1:04:01 AM,C,-0.4
2/12/12 1:19:01 AM,C,-0.4
2/12/12 1:34:01 AM,C,-0.4
2/12/12 1:49:01 AM,C,-0.4
2/12/12 2:04:01 AM,C,-0.4
2/12/12 2:19:01 AM,C,-0.4
2/12/12 2:34:01 AM,C,-0.4
2/12/12 2:49:01 AM,C,-0.904
2/12/12 3:04:01 AM,C,-0.4
2/12/12 3:19:01 AM,C,-0.4
2/12/12 3:34:01 AM,C,-0.4
2/12/12 3:49:01 AM,C,-0.4
2/12/12 4:04:01 AM,C,-0.4
2/12/12 4:19:01 AM,C,-0.4
2/12/12 4:34:01 AM,C,-0.4
2/12/12 4:49:01 AM,C,0.104
2/12/12 5:04:01 AM,C,0.104
2/12/12 5:19:01 AM,C,0.608
2/12/12 5:34:01 AM,C,0.608
2/12/12 5:49:01 AM,C,0.104
2/12/12 6:04:01 AM,C,-0.904
2/12/12 6:19:01 AM,C,-0.904
2/12/12 6:34:01 AM,C,-0.4
2/12/12 6:49:01 AM,C,0.104
2/12/12 7:04:01 AM,C,-0.4
2/12/12 7:19:01 AM,C,-0.904
2/12/12 7:34:01 AM,C,-0.4
2/12/12 7:49:01 AM,C,-0.4
2/12/12 8:04:01 AM,C,-0.4
2/12/12 8:19:01 AM,C,-0.4
2/12/12 8:34:01 AM,C,0.104
2/12/12 8:49:01 AM,C,0.608
2/12/12 9:04:01 AM,C,0.104
2/12/12 9:19:01 AM,C,0.608
2/12/12 9:34:01 AM,C,1.112
2/12/12 9:49:01 AM,C,1.616
2/12/12 10:04:01 AM,C,1.616
2/12/12 10:19:01 AM,C,2.119
2/12/12 10:34:01 AM,C,1.616
2/12/12 10:49:01 AM,C,2.119
2/12/12 11:04:01 AM,C,2.119
2/12/12 11:19:01 AM,C,2.623
2/12/12 11:34:01 AM,C,3.126
2/12/12 11:49:01 AM,C,2.623
2/12/12 12:04:01 PM,C,3.126
2/12/12 12:19:01 PM,C,3.126
2/12/12 12:34:01 PM,C,4.133
2/12/12 12:49:01 PM,C,4.133
2/12/12 1:04:01 PM,C,4.133
2/12/12 1:19:01 PM,C,4.133
2/12/12 1:34:01 PM,C,4.133
2/12/12 1:49:01 PM,C,4.636
2/12/12 2:04:01 PM,C,4.636
2/12/12 2:19:01 PM,C,7.152
2/12/12 2:34:01 PM,C,6.146
2/12/12 2:49:01 PM,C,7.152
2/12/12 3:04:01 PM,C,8.157
2/12/12 3:19:01 PM,C,9.162
2/12/12 3:34:01 PM,C,7.654
2/12/12 3:49:01 PM,C,7.152
2/12/12 4:04:01 PM,C,8.157
2/12/12 4:19:01 PM,C,8.157
2/12/12 4:34:01 PM,C,8.66
2/12/12 4:49:01 PM,C,10.167
2/12/12 5:04:01 PM,C,9.162
2/12/12 5:19:01 PM,C,8.157
2/12/12 5:34:01 PM,C,8.66
2/12/12 5:49:01 PM,C,7.654
2/12/12 6:04:01 PM,C,7.152
2/12/12 6:19:01 PM,C,7.152
2/12/12 6:34:01 PM,C,6.146
2/12/12 6:49:01 PM,C,5.14
2/12/12 7:04:01 PM,C,5.643
2/12/12 7:19:01 PM,C,5.643
2/12/12 7:34:01 PM,C,5.14
2/12/12 7:49:01 PM,C,4.636
2/12/12 8:04:01 PM,C,4.133
2/12/12 8:19:01 PM,C,5.14
2/12/12 8:34:01 PM,C,5.14
2/12/12 8:49:01 PM,C,5.14
2/12/12 9:04:01 PM,C,5.643
2/12/12 9:19:01 PM,C,5.14
2/12/12 9:34:01 PM,C,5.14
2/12/12 9:49:01 PM,C,6.146
2/12/12 10:04:01 PM,C,6.146
2/12/12 10:19:01 PM,C,6.146
2/12/12 10:34:01 PM,C,6.146
2/12/12 10:49:01 PM,C,6.649
2/12/12 11:04:01 PM,C,6.146
2/12/12 11:19:01 PM,C,5.643
2/12/12 11:34:01 PM,C,5.643
2/12/12 11:49:01 PM,C,5.643
2/13/12 12:04:01 AM,C,5.643
2/13/12 12:19:01 AM,C,6.146
2/13/12 12:34:01 AM,C,6.649
2/13/12 12:49:01 AM,C,6.146
2/13/12 1:04:01 AM,C,6.146
2/13/12 1:19:01 AM,C,6.649
2/13/12 1:34:01 AM,C,6.146
2/13/12 1:49:01 AM,C,6.146
2/13/12 2:04:01 AM,C,6.146
2/13/12 2:19:01 AM,C,6.146
2/13/12 2:34:01 AM,C,6.146
2/13/12 2:49:01 AM,C,5.643
2/13/12 3:04:01 AM,C,6.146
2/13/12 3:19:01 AM,C,6.146
2/13/12 3:34:01 AM,C,6.146
2/13/12 3:49:01 AM,C,5.643
2/13/12 4:04:01 AM,C,5.643
2/13/12 4:19:01 AM,C,4.636
2/13/12 4:34:01 AM,C,4.636
2/13/12 4:49:01 AM,C,4.636
2/13/12 5:04:01 AM,C,5.14
2/13/12 5:19:01 AM,C,4.636
2/13/12 5:34:01 AM,C,4.636
2/13/12 5:49:01 AM,C,4.133
2/13/12 6:04:01 AM,C,4.133
2/13/12 6:19:01 AM,C,4.133
2/13/12 6:34:01 AM,C,4.133
2/13/12 6:49:01 AM,C,4.133
2/13/12 7:04:01 AM,C,4.133
2/13/12 7:19:01 AM,C,4.133
2/13/12 7:34:01 AM,C,3.63
2/13/12 7:49:01 AM,C,3.63
2/13/12 8:04:01 AM,C,3.63
2/13/12 8:19:01 AM,C,3.63
2/13/12 8:34:01 AM,C,4.133
2/13/12 8:49:01 AM,C,4.636
2/13/12 9:04:01 AM,C,4.636
2/13/12 9:19:01 AM,C,4.636
2/13/12 9:34:01 AM,C,5.14
2/13/12 9:49:01 AM,C,5.643
2/13/12 10:04:01 AM,C,5.643
2/13/12 10:19:01 AM,C,5.643
2/13/12 10:34:01 AM,C,6.146
2/13/12 10:49:01 AM,C,6.146
2/13/12 11:04:01 AM,C,6.649
2/13/12 11:19:01 AM,C,7.152
2/13/12 11:34:01 AM,C,7.654
2/13/12 11:49:01 AM,C,8.66
2/13/12 12:04:01 PM,C,8.66
2/13/12 12:19:01 PM,C,10.167
2/13/12 12:34:01 PM,C,8.66
2/13/12 12:49:01 PM,C,9.162
2/13/12 1:04:01 PM,C,9.665
2/13/12 1:19:01 PM,C,9.162
2/13/12 1:34:01 PM,C,10.167
2/13/12 1:49:01 PM,C,11.674
2/13/12 2:04:01 PM,C,12.176
2/13/12 2:19:01 PM,C,12.176
2/13/12 2:34:01 PM,C,12.176
2/13/12 2:49:01 PM,C,13.18
2/13/12 3:04:01 PM,C,11.674
2/13/12 3:19:01 PM,C,12.176
2/13/12 3:34:01 PM,C,11.674
2/13/12 3:49:01 PM,C,11.172
2/13/12 4:04:01 PM,C,11.172
2/13/12 4:19:01 PM,C,12.678
2/13/12 4:34:01 PM,C,12.176
2/13/12 4:49:01 PM,C,11.674
2/13/12 5:04:01 PM,C,10.67
2/13/12 5:19:01 PM,C,10.67
2/13/12 5:34:01 PM,C,10.167
2/13/12 5:49:01 PM,C,10.167
2/13/12 6:04:01 PM,C,9.665
2/13/12 6:19:01 PM,C,9.665
2/13/12 6:34:01 PM,C,9.162
2/13/12 6:49:01 PM,C,8.66
2/13/12 7:04:01 PM,C,8.157
2/13/12 7:19:01 PM,C,7.654
2/13/12 7:34:01 PM,C,6.649
2/13/12 7:49:01 PM,C,5.14
2/13/12 8:04:01 PM,C,4.133
2/13/12 8:19:01 PM,C,2.623
2/13/12 8:34:01 PM,C,2.119
2/13/12 8:49:01 PM,C,1.616
2/13/12 9:04:01 PM,C,1.112
2/13/12 9:19:01 PM,C,0.608
2/13/12 9:34:01 PM,C,1.112
2/13/12 9:49:01 PM,C,1.112
2/13/12 10:04:01 PM,C,-0.4
2/13/12 10:19:01 PM,C,-0.904
2/13/12 10:34:01 PM,C,-0.904
2/13/12 10:49:01 PM,C,-1.408
2/13/12 11:04:01 PM,C,-1.408
2/13/12 11:19:01 PM,C,-1.408
2/13/12 11:34:01 PM,C,-1.408
2/13/12 11:49:01 PM,C,-1.408
2/14/12 12:04:01 AM,C,-0.4
2/14/12 12:19:01 AM,C,-0.904
2/14/12 12:34:01 AM,C,-1.408
2/14/12 12:49:01 AM,C,-0.904
2/14/12 1:04:01 AM,C,-0.904
2/14/12 1:19:01 AM,C,-0.904
2/14/12 1:34:01 AM,C,0.104
2/14/12 1:49:01 AM,C,1.616
2/14/12 2:04:01 AM,C,0.608
2/14/12 2:19:01 AM,C,0.104
2/14/12 2:34:01 AM,C,0.104
2/14/12 2:49:01 AM,C,-0.4
2/14/12 3:04:01 AM,C,0.104
2/14/12 3:19:01 AM,C,-0.4
2/14/12 3:34:01 AM,C,-0.904
2/14/12 3:49:01 AM,C,-1.408
2/14/12 4:04:01 AM,C,-1.408
2/14/12 4:19:01 AM,C,-1.408
2/14/12 4:34:01 AM,C,-0.4
2/14/12 4:49:01 AM,C,-1.408
2/14/12 5:04:01 AM,C,-0.4
2/14/12 5:19:01 AM,C,-1.912
2/14/12 5:34:01 AM,C,-0.904
2/14/12 5:49:01 AM,C,-1.912
2/14/12 6:04:01 AM,C,-1.408
2/14/12 6:19:01 AM,C,-2.417
2/14/12 6:34:01 AM,C,-1.912
2/14/12 6:49:01 AM,C,-2.417
2/14/12 7:04:01 AM,C,-1.912
2/14/12 7:19:01 AM,C,-3.425
2/14/12 7:34:01 AM,C,-3.93
2/14/12 7:49:01 AM,C,-3.93
2/14/12 8:04:01 AM,C,-3.425
2/14/12 8:19:01 AM,C,-3.425
2/14/12 8:34:01 AM,C,3.63
2/14/12 8:49:01 AM,C,7.152
2/14/12 9:04:01 AM,C,7.654
2/14/12 9:19:01 AM,C,8.66
2/14/12 9:34:01 AM,C,8.66
2/14/12 9:49:01 AM,C,9.162
2/14/12 10:04:01 AM,C,9.162
2/14/12 10:19:01 AM,C,9.665
2/14/12 10:34:01 AM,C,10.167
2/14/12 10:49:01 AM,C,10.167
2/14/12 11:04:01 AM,C,11.172
2/14/12 11:19:01 AM,C,11.172
2/14/12 11:34:01 AM,C,11.674
2/14/12 11:49:01 AM,C,12.176
2/14/12 12:04:01 PM,C,12.176
2/14/12 12:19:01 PM,C,13.682
2/14/12 12:34:01 PM,C,13.682
2/14/12 12:49:01 PM,C,14.184
2/14/12 1:04:01 PM,C,13.682
2/14/12 1:19:01 PM,C,14.184
2/14/12 1:34:01 PM,C,14.685
2/14/12 1:49:01 PM,C,15.689
2/14/12 2:04:01 PM,C,15.187
2/14/12 2:19:01 PM,C,16.19
2/14/12 2:34:01 PM,C,15.689
2/14/12 2:49:01 PM,C,13.18
2/14/12 3:04:01 PM,C,16.19
2/14/12 3:19:01 PM,C,15.187
2/14/12 3:34:01 PM,C,13.18
2/14/12 3:49:01 PM,C,13.18
2/14/12 4:04:01 PM,C,13.682
2/14/12 4:19:01 PM,C,13.18
2/14/12 4:34:01 PM,C,13.18
2/14/12 4:49:01 PM,C,12.678
2/14/12 5:04:01 PM,C,12.678
2/14/12 5:19:01 PM,C,12.678
2/14/12 5:34:01 PM,C,12.176
2/14/12 5:49:01 PM,C,12.176
2/14/12 6:04:01 PM,C,11.674
2/14/12 6:19:01 PM,C,11.172
2/14/12 6:34:01 PM,C,11.172
2/14/12 6:49:01 PM,C,10.67
2/14/12 7:04:01 PM,C,11.172
2/14/12 7:19:01 PM,C,11.172
2/14/12 7:34:01 PM,C,12.678
2/14/12 7:49:01 PM,C,11.172
2/14/12 8:04:01 PM,C,9.665
2/14/12 8:19:01 PM,C,8.66
2/14/12 8:34:01 PM,C,8.66
2/14/12 8:49:01 PM,C,7.654
2/14/12 9:04:01 PM,C,7.152
2/14/12 9:19:01 PM,C,7.152
2/14/12 9:34:01 PM,C,7.654
2/14/12 9:49:01 PM,C,10.167
2/14/12 10:04:01 PM,C,9.162
2/14/12 10:19:01 PM,C,8.66
2/14/12 10:34:01 PM,C,8.66
2/14/12 10:49:01 PM,C,7.654
2/14/12 11:04:01 PM,C,8.157
2/14/12 11:19:01 PM,C,7.152
2/14/12 11:34:01 PM,C,5.14
2/14/12 11:49:01 PM,C,5.14
2/15/12 12:04:01 AM,C,7.152
2/15/12 12:19:01 AM,C,6.649
2/15/12 12:34:01 AM,C,7.152
2/15/12 12:49:01 AM,C,6.649
2/15/12 1:04:01 AM,C,6.146
2/15/12 1:19:01 AM,C,5.643
2/15/12 1:34:01 AM,C,5.643
2/15/12 1:49:01 AM,C,6.146
2/15/12 2:04:01 AM,C,5.643
2/15/12 2:19:01 AM,C,5.643
2/15/12 2:34:01 AM,C,5.14
2/15/12 2:49:01 AM,C,5.643
2/15/12 3:04:01 AM,C,5.14
2/15/12 3:19:01 AM,C,5.14
2/15/12 3:34:01 AM,C,5.14
2/15/12 3:49:01 AM,C,4.636
2/15/12 4:04:01 AM,C,4.636
2/15/12 4:19:01 AM,C,4.636
2/15/12 4:34:01 AM,C,4.133
2/15/12 4:49:01 AM,C,4.133
2/15/12 5:04:01 AM,C,4.133
2/15/12 5:19:01 AM,C,4.133
2/15/12 5:34:01 AM,C,3.63
2/15/12 5:49:01 AM,C,3.63
2/15/12 6:04:01 AM,C,3.126
2/15/12 6:19:01 AM,C,3.126
2/15/12 6:34:01 AM,C,3.126
2/15/12 6:49:01 AM,C,2.623
2/15/12 7:04:01 AM,C,2.623
2/15/12 7:19:01 AM,C,2.623
2/15/12 7:34:01 AM,C,2.623
2/15/12 7:49:01 AM,C,2.623
2/15/12 8:04:01 AM,C,2.119
2/15/12 8:19:01 AM,C,0.608
2/15/12 8:34:01 AM,C,1.112
2/15/12 8:49:01 AM,C,2.119
2/15/12 9:04:01 AM,C,2.623
2/15/12 9:19:01 AM,C,2.623
2/15/12 9:34:01 AM,C,2.623
2/15/12 9:49:01 AM,C,3.63
2/15/12 10:04:01 AM,C,4.133
2/15/12 10:19:01 AM,C,4.636
2/15/12 10:34:01 AM,C,5.14
2/15/12 10:49:01 AM,C,5.14
2/15/12 11:04:01 AM,C,5.643
2/15/12 11:19:01 AM,C,6.649
2/15/12 11:34:01 AM,C,6.649
2/15/12 11:49:01 AM,C,8.157
2/15/12 12:04:01 PM,C,7.654
2/15/12 12:19:01 PM,C,9.665
2/15/12 12:34:01 PM,C,9.162
2/15/12 12:49:01 PM,C,9.162
2/15/12 1:04:01 PM,C,9.162
2/15/12 1:19:01 PM,C,9.665
2/15/12 1:34:01 PM,C,10.167
2/15/12 1:49:01 PM,C,11.172
2/15/12 2:04:01 PM,C,11.172
2/15/12 2:19:01 PM,C,11.172
2/15/12 2:34:01 PM,C,11.172
2/15/12 2:49:01 PM,C,11.674
2/15/12 3:04:01 PM,C,12.176
2/15/12 3:19:01 PM,C,11.674
2/15/12 3:34:01 PM,C,11.172
2/15/12 3:49:01 PM,C,11.172
2/15/12 4:04:01 PM,C,10.67
2/15/12 4:19:01 PM,C,11.172
2/15/12 4:34:01 PM,C,12.176
2/15/12 4:49:01 PM,C,10.67
2/15/12 5:04:01 PM,C,9.665
2/15/12 5:19:01 PM,C,9.665
2/15/12 5:34:01 PM,C,9.162
2/15/12 5:49:01 PM,C,9.162
2/15/12 6:04:01 PM,C,8.66
2/15/12 6:19:01 PM,C,8.157
2/15/12 6:34:01 PM,C,7.152
2/15/12 6:49:01 PM,C,4.636
2/15/12 7:04:01 PM,C,3.126
2/15/12 7:19:01 PM,C,1.616
2/15/12 7:34:01 PM,C,0.608
2/15/12 7:49:01 PM,C,-0.4
2/15/12 8:04:01 PM,C,-0.904
2/15/12 8:19:01 PM,C,-1.408
2/15/12 8:34:01 PM,C,-1.408
2/15/12 8:49:01 PM,C,-1.912
2/15/12 9:04:01 PM,C,-1.912
2/15/12 9:19:01 PM,C,-2.417
2/15/12 9:34:01 PM,C,-2.417
2/15/12 9:49:01 PM,C,-3.425
2/15/12 10:04:01 PM,C,-3.425
2/15/12 10:19:01 PM,C,-3.425
2/15/12 10:34:01 PM,C,-3.425
2/15/12 10:49:01 PM,C,-3.425
2/15/12 11:04:01 PM,C,-3.425
2/15/12 11:19:01 PM,C,-2.417
2/15/12 11:34:01 PM,C,-1.912
2/15/12 11:49:01 PM,C,-1.408
2/16/12 12:04:01 AM,C,-1.408
2/16/12 12:19:01 AM,C,-1.912
2/16/12 12:34:01 AM,C,-0.904
2/16/12 12:49:01 AM,C,-1.408
2/16/12 1:04:01 AM,C,-0.904
2/16/12 1:19:01 AM,C,0.104
2/16/12 1:34:01 AM,C,1.112
2/16/12 1:49:01 AM,C,2.623
2/16/12 2:04:01 AM,C,4.133
2/16/12 2:19:01 AM,C,4.133
2/16/12 2:34:01 AM,C,4.133
2/16/12 2:49:01 AM,C,3.126
2/16/12 3:04:01 AM,C,2.623
2/16/12 3:19:01 AM,C,2.119
2/16/12 3:34:01 AM,C,2.119
2/16/12 3:49:01 AM,C,3.126
2/16/12 4:04:01 AM,C,3.126
2/16/12 4:19:01 AM,C,4.133
2/16/12 4:34:01 AM,C,4.636
2/16/12 4:49:01 AM,C,4.636
2/16/12 5:04:01 AM,C,4.636
2/16/12 5:19:01 AM,C,5.14
2/16/12 5:34:01 AM,C,4.636
2/16/12 5:49:01 AM,C,5.14
2/16/12 6:04:01 AM,C,5.14
2/16/12 6:19:01 AM,C,5.14
2/16/12 6:34:01 AM,C,5.14
2/16/12 6:49:01 AM,C,4.636
2/16/12 7:04:01 AM,C,4.133
2/16/12 7:19:01 AM,C,3.63
2/16/12 7:34:01 AM,C,3.126
2/16/12 7:49:01 AM,C,3.63
2/16/12 8:04:01 AM,C,4.133
2/16/12 8:19:01 AM,C,3.63
2/16/12 8:34:01 AM,C,4.133
2/16/12 8:49:01 AM,C,4.133
2/16/12 9:04:01 AM,C,4.636
2/16/12 9:19:01 AM,C,5.14
2/16/12 9:34:01 AM,C,6.146
2/16/12 9:49:01 AM,C,6.649
2/16/12 10:04:01 AM,C,7.152
2/16/12 10:19:01 AM,C,8.66
2/16/12 10:34:01 AM,C,9.162
2/16/12 10:49:01 AM,C,9.665
2/16/12 11:04:01 AM,C,10.67
2/16/12 11:19:01 AM,C,10.67
2/16/12 11:34:01 AM,C,11.172
2/16/12 11:49:01 AM,C,11.674
2/16/12 12:04:01 PM,C,11.674
2/16/12 12:19:01 PM,C,12.678
2/16/12 12:34:01 PM,C,13.682
2/16/12 12:49:01 PM,C,14.184
2/16/12 1:04:01 PM,C,13.682
2/16/12 1:19:01 PM,C,14.184
2/16/12 1:34:01 PM,C,14.685
2/16/12 1:49:01 PM,C,15.187
2/16/12 2:04:01 PM,C,14.685
2/16/12 2:19:01 PM,C,14.184
2/16/12 2:34:01 PM,C,13.682
2/16/12 2:49:01 PM,C,14.184
2/16/12 3:04:01 PM,C,14.184
2/16/12 3:19:01 PM,C,12.678
2/16/12 3:34:01 PM,C,11.674
2/16/12 3:49:01 PM,C,8.66
2/16/12 4:04:01 PM,C,7.152
2/16/12 4:19:01 PM,C,4.133
2/16/12 4:34:01 PM,C,4.636
2/16/12 4:49:01 PM,C,4.636
2/16/12 5:04:01 PM,C,4.636
2/16/12 5:19:01 PM,C,5.14
2/16/12 5:34:01 PM,C,5.14
2/16/12 5:49:01 PM,C,5.14
2/16/12 6:04:01 PM,C,5.14
2/16/12 6:19:01 PM,C,4.636
2/16/12 6:34:01 PM,C,4.636
2/16/12 6:49:01 PM,C,4.636
2/16/12 7:04:01 PM,C,4.636
2/16/12 7:19:01 PM,C,3.63
2/16/12 7:34:01 PM,C,3.126
2/16/12 7:49:01 PM,C,2.623
2/16/12 8:04:01 PM,C,2.119
2/16/12 8:19:01 PM,C,2.119
2/16/12 8:34:01 PM,C,2.119
2/16/12 8:49:01 PM,C,1.616
2/16/12 9:04:01 PM,C,1.616
2/16/12 9:19:01 PM,C,1.616
2/16/12 9:34:01 PM,C,1.112
2/16/12 9:49:01 PM,C,0.608
2/16/12 10:04:01 PM,C,0.608
2/16/12 10:19:01 PM,C,1.112
2/16/12 10:34:01 PM,C,0.608
2/16/12 10:49:01 PM,C,0.104
2/16/12 11:04:01 PM,C,0.608
2/16/12 11:19:01 PM,C,0.608
2/16/12 11:34:01 PM,C,0.608
2/16/12 11:49:01 PM,C,1.112
2/17/12 12:04:01 AM,C,1.112
2/17/12 12:19:01 AM,C,1.112
2/17/12 12:34:01 AM,C,1.616
2/17/12 12:49:01 AM,C,1.112
2/17/12 1:04:01 AM,C,1.616
2/17/12 1:19:01 AM,C,2.119
2/17/12 1:34:01 AM,C,2.623
2/17/12 1:49:01 AM,C,3.126
2/17/12 2:04:01 AM,C,2.623
2/17/12 2:19:01 AM,C,2.623
2/17/12 2:34:01 AM,C,2.623
2/17/12 2:49:01 AM,C,2.623
2/17/12 3:04:01 AM,C,3.126
2/17/12 3:19:01 AM,C,3.126
2/17/12 3:34:01 AM,C,3.126
2/17/12 3:49:01 AM,C,3.126
2/17/12 4:04:01 AM,C,3.126
2/17/12 4:19:01 AM,C,3.126
2/17/12 4:34:01 AM,C,3.63
2/17/12 4:49:01 AM,C,3.63
2/17/12 5:04:01 AM,C,3.63
2/17/12 5:19:01 AM,C,3.63
2/17/12 5:34:01 AM,C,4.133
2/17/12 5:49:01 AM,C,4.636
2/17/12 6:04:01 AM,C,4.133
2/17/12 6:19:01 AM,C,3.63
2/17/12 6:34:01 AM,C,3.126
2/17/12 6:49:01 AM,C,3.126
2/17/12 7:04:01 AM,C,3.126
2/17/12 7:19:01 AM,C,1.616
2/17/12 7:34:01 AM,C,0.608
2/17/12 7:49:01 AM,C,0.104
2/17/12 8:04:01 AM,C,-0.4
2/17/12 8:19:01 AM,C,-0.4
2/17/12 8:34:01 AM,C,0.104
2/17/12 8:49:01 AM,C,1.616
2/17/12 9:04:01 AM,C,5.14
2/17/12 9:19:01 AM,C,6.146
2/17/12 9:34:01 AM,C,7.152
2/17/12 9:49:01 AM,C,8.157
2/17/12 10:04:01 AM,C,8.157
2/17/12 10:19:01 AM,C,8.157
2/17/12 10:34:01 AM,C,8.66
2/17/12 10:49:01 AM,C,8.66
2/17/12 11:04:01 AM,C,9.162
2/17/12 11:19:01 AM,C,9.665
2/17/12 11:34:01 AM,C,10.167
2/17/12 11:49:01 AM,C,10.167
2/17/12 12:04:01 PM,C,10.167
2/17/12 12:19:01 PM,C,11.172
2/17/12 12:34:01 PM,C,11.172
2/17/12 12:49:01 PM,C,11.172
2/17/12 1:04:01 PM,C,10.67
2/17/12 1:19:01 PM,C,10.67
2/17/12 1:34:01 PM,C,10.67
2/17/12 1:49:01 PM,C,11.172
2/17/12 2:04:01 PM,C,12.678
2/17/12 2:19:01 PM,C,11.674
2/17/12 2:34:01 PM,C,11.172
2/17/12 2:49:01 PM,C,12.176
2/17/12 3:04:01 PM,C,11.674
2/17/12 3:19:01 PM,C,11.674
2/17/12 3:34:01 PM,C,11.172
2/17/12 3:49:01 PM,C,10.67
2/17/12 4:04:01 PM,C,10.67
2/17/12 4:19:01 PM,C,9.665
2/17/12 4:34:01 PM,C,8.66
2/17/12 4:49:01 PM,C,7.654
2/17/12 5:04:01 PM,C,7.654
2/17/12 5:19:01 PM,C,7.152
2/17/12 5:34:01 PM,C,6.649
2/17/12 5:49:01 PM,C,6.649
2/17/12 6:04:01 PM,C,5.643
2/17/12 6:19:01 PM,C,5.643
2/17/12 6:34:01 PM,C,5.14
2/17/12 6:49:01 PM,C,4.636
2/17/12 7:04:01 PM,C,4.636
2/17/12 7:19:01 PM,C,4.636
2/17/12 7:34:01 PM,C,4.636
2/17/12 7:49:01 PM,C,4.133
2/17/12 8:04:01 PM,C,4.133
2/17/12 8:19:01 PM,C,4.133
2/17/12 8:34:01 PM,C,3.63
2/17/12 8:49:01 PM,C,3.63
2/17/12 9:04:01 PM,C,4.133
2/17/12 9:19:01 PM,C,3.63
2/17/12 9:34:01 PM,C,3.63
2/17/12 9:49:01 PM,C,3.63
2/17/12 10:04:01 PM,C,3.63
2/17/12 10:19:01 PM,C,4.133
2/17/12 10:34:01 PM,C,4.133
2/17/12 10:49:01 PM,C,3.63
2/17/12 11:04:01 PM,C,3.63
2/17/12 11:19:01 PM,C,3.126
2/17/12 11:34:01 PM,C,3.126
2/17/12 11:49:01 PM,C,3.126
2/18/12 12:04:01 AM,C,2.623
2/18/12 12:19:01 AM,C,1.616
2/18/12 12:34:01 AM,C,1.616
2/18/12 12:49:01 AM,C,1.616
2/18/12 1:04:01 AM,C,1.616
2/18/12 1:19:01 AM,C,1.616
2/18/12 1:34:01 AM,C,2.119
2/18/12 1:49:01 AM,C,2.119
2/18/12 2:04:01 AM,C,2.623
2/18/12 2:19:01 AM,C,2.623
2/18/12 2:34:01 AM,C,2.623
2/18/12 2:49:01 AM,C,2.623
2/18/12 3:04:01 AM,C,2.623
2/18/12 3:19:01 AM,C,2.623
2/18/12 3:34:01 AM,C,2.623
2/18/12 3:49:01 AM,C,2.623
2/18/12 4:04:01 AM,C,2.623
2/18/12 4:19:01 AM,C,2.119
2/18/12 4:34:01 AM,C,2.119
2/18/12 4:49:01 AM,C,1.616
2/18/12 5:04:01 AM,C,1.616
2/18/12 5:19:01 AM,C,1.616
2/18/12 5:34:01 AM,C,1.616
2/18/12 5:49:01 AM,C,1.616
2/18/12 6:04:01 AM,C,1.616
2/18/12 6:19:01 AM,C,1.616
2/18/12 6:34:01 AM,C,1.616
2/18/12 6:49:01 AM,C,1.616
2/18/12 7:04:01 AM,C,1.616
2/18/12 7:19:01 AM,C,1.112
2/18/12 7:34:01 AM,C,1.112
2/18/12 7:49:01 AM,C,1.112
2/18/12 8:04:01 AM,C,0.608
2/18/12 8:19:01 AM,C,0.608
2/18/12 8:34:01 AM,C,0.608
2/18/12 8:49:01 AM,C,0.608
2/18/12 9:04:01 AM,C,0.608
2/18/12 9:19:01 AM,C,1.112
2/18/12 9:34:01 AM,C,1.616
2/18/12 9:49:01 AM,C,2.119
2/18/12 10:04:01 AM,C,2.623
2/18/12 10:19:01 AM,C,2.623
2/18/12 10:34:01 AM,C,3.126
2/18/12 10:49:01 AM,C,4.133
2/18/12 11:04:01 AM,C,3.63
2/18/12 11:19:01 AM,C,4.133
2/18/12 11:34:01 AM,C,3.126
2/18/12 11:49:01 AM,C,4.636
2/18/12 12:04:01 PM,C,5.14
2/18/12 12:19:01 PM,C,5.14
2/18/12 12:34:01 PM,C,6.146
2/18/12 12:49:01 PM,C,5.643
2/18/12 1:04:01 PM,C,6.649
2/18/12 1:19:01 PM,C,7.654
2/18/12 1:34:01 PM,C,7.654
2/18/12 1:49:01 PM,C,9.162
2/18/12 2:04:01 PM,C,8.66
2/18/12 2:19:01 PM,C,8.66
2/18/12 2:34:01 PM,C,9.665
2/18/12 2:49:01 PM,C,9.665
2/18/12 3:04:01 PM,C,8.157
2/18/12 3:19:01 PM,C,7.654
2/18/12 3:34:01 PM,C,8.157
2/18/12 3:49:01 PM,C,9.162
2/18/12 4:04:01 PM,C,9.162
2/18/12 4:19:01 PM,C,10.67
2/18/12 4:34:01 PM,C,11.172
2/18/12 4:49:01 PM,C,9.162
2/18/12 5:04:01 PM,C,8.157
2/18/12 5:19:01 PM,C,8.66
2/18/12 5:34:01 PM,C,8.157
2/18/12 5:49:01 PM,C,8.157
2/18/12 6:04:01 PM,C,7.654
2/18/12 6:19:01 PM,C,8.157
2/18/12 6:34:01 PM,C,7.152
2/18/12 6:49:01 PM,C,6.649
2/18/12 7:04:01 PM,C,5.643
2/18/12 7:19:01 PM,C,4.636
2/18/12 7:34:01 PM,C,3.63
2/18/12 7:49:01 PM,C,2.119
2/18/12 8:04:01 PM,C,1.112
2/18/12 8:19:01 PM,C,0.104
2/18/12 8:34:01 PM,C,0.104
2/18/12 8:49:01 PM,C,-0.904
2/18/12 9:04:01 PM,C,-0.4
2/18/12 9:19:01 PM,C,0.104
2/18/12 9:34:01 PM,C,-0.4
2/18/12 9:49:01 PM,C,-0.4
2/18/12 10:04:01 PM,C,-0.4
2/18/12 10:19:01 PM,C,-0.904
2/18/12 10:34:01 PM,C,-0.904
2/18/12 10:49:01 PM,C,-1.408
2/18/12 11:04:01 PM,C,-1.408
2/18/12 11:19:01 PM,C,-1.912
2/18/12 11:34:01 PM,C,-2.417
2/18/12 11:49:01 PM,C,-2.921
2/19/12 12:04:01 AM,C,-2.921
2/19/12 12:19:01 AM,C,-2.921
2/19/12 12:34:01 AM,C,-2.417
2/19/12 12:49:01 AM,C,-2.921
2/19/12 1:04:01 AM,C,-2.417
2/19/12 1:19:01 AM,C,-3.93
2/19/12 1:34:01 AM,C,-3.93
2/19/12 1:49:01 AM,C,-3.93
2/19/12 2:04:01 AM,C,-4.435
2/19/12 2:19:01 AM,C,-4.435
2/19/12 2:34:01 AM,C,-4.939
2/19/12 2:49:01 AM,C,-4.939
2/19/12 3:04:01 AM,C,-4.939
2/19/12 3:19:01 AM,C,-4.939
2/19/12 3:34:01 AM,C,-5.444
2/19/12 3:49:01 AM,C,-5.444
2/19/12 4:04:01 AM,C,-5.949
2/19/12 4:19:01 AM,C,-5.949
2/19/12 4:34:01 AM,C,-5.949
2/19/12 4:49:01 AM,C,-5.949
2/19/12 5:04:01 AM,C,-6.454
2/19/12 5:19:01 AM,C,-6.454
2/19/12 5:34:01 AM,C,-6.959
2/19/12 5:49:01 AM,C,-6.454
2/19/12 6:04:01 AM,C,-6.959
2/19/12 6:19:01 AM,C,-6.959
2/19/12 6:34:01 AM,C,-6.454
2/19/12 6:49:01 AM,C,-6.454
2/19/12 7:04:01 AM,C,-5.949
2/19/12 7:19:01 AM,C,-6.454
2/19/12 7:34:01 AM,C,-6.454
2/19/12 7:49:01 AM,C,-6.454
2/19/12 8:04:01 AM,C,-6.454
2/19/12 8:19:01 AM,C,-5.444
2/19/12 8:34:01 AM,C,-5.444
2/19/12 8:49:01 AM,C,-2.921
2/19/12 9:04:01 AM,C,-0.904
2/19/12 9:19:01 AM,C,2.623
2/19/12 9:34:01 AM,C,4.133
2/19/12 9:49:01 AM,C,5.14
2/19/12 10:04:01 AM,C,6.146
2/19/12 10:19:01 AM,C,6.649
2/19/12 10:34:01 AM,C,8.157
2/19/12 10:49:01 AM,C,8.157
2/19/12 11:04:01 AM,C,8.66
2/19/12 11:19:01 AM,C,9.665
2/19/12 11:34:01 AM,C,10.167
2/19/12 11:49:01 AM,C,11.172
2/19/12 12:04:01 PM,C,10.67
2/19/12 12:19:01 PM,C,12.176
2/19/12 12:34:01 PM,C,12.176
2/19/12 12:49:01 PM,C,11.674
2/19/12 1:04:01 PM,C,11.674
2/19/12 1:19:01 PM,C,12.176
2/19/12 1:34:01 PM,C,15.187
2/19/12 1:49:01 PM,C,14.685
2/19/12 2:04:01 PM,C,14.685
2/19/12 2:19:01 PM,C,14.184
2/19/12 2:34:01 PM,C,15.689
2/19/12 2:49:01 PM,C,15.187
2/19/12 3:04:01 PM,C,13.682
2/19/12 3:19:01 PM,C,14.685
2/19/12 3:34:01 PM,C,14.184
2/19/12 3:49:01 PM,C,15.187
2/19/12 4:04:01 PM,C,14.685
2/19/12 4:19:01 PM,C,15.689
2/19/12 4:34:01 PM,C,16.692
2/19/12 4:49:01 PM,C,14.184
2/19/12 5:04:01 PM,C,13.18
2/19/12 5:19:01 PM,C,12.678
2/19/12 5:34:01 PM,C,12.678
2/19/12 5:49:01 PM,C,12.678
2/19/12 6:04:01 PM,C,12.176
2/19/12 6:19:01 PM,C,12.176
2/19/12 6:34:01 PM,C,10.67
2/19/12 6:49:01 PM,C,10.167
2/19/12 7:04:01 PM,C,10.67
2/19/12 7:19:01 PM,C,10.167
2/19/12 7:34:01 PM,C,9.665
2/19/12 7:49:01 PM,C,8.66
2/19/12 8:04:01 PM,C,7.654
2/19/12 8:19:01 PM,C,8.157
2/19/12 8:34:01 PM,C,8.157
2/19/12 8:49:01 PM,C,7.654
2/19/12 9:04:01 PM,C,7.152
2/19/12 9:19:01 PM,C,6.649
2/19/12 9:34:01 PM,C,6.649
2/19/12 9:49:01 PM,C,7.654
2/19/12 10:04:01 PM,C,8.66
2/19/12 10:19:01 PM,C,9.162
2/19/12 10:34:01 PM,C,8.66
2/19/12 10:49:01 PM,C,8.157
2/19/12 11:04:01 PM,C,8.157
2/19/12 11:19:01 PM,C,8.66
2/19/12 11:34:01 PM,C,7.654
2/19/12 11:49:01 PM,C,7.654
2/20/12 12:04:01 AM,C,7.654
2/20/12 12:19:01 AM,C,7.152
2/20/12 12:34:01 AM,C,7.654
2/20/12 12:49:01 AM,C,7.654
2/20/12 1:04:01 AM,C,7.654
2/20/12 1:19:01 AM,C,7.654
2/20/12 1:34:01 AM,C,7.152
2/20/12 1:49:01 AM,C,7.152
2/20/12 2:04:01 AM,C,6.649
2/20/12 2:19:01 AM,C,6.649
2/20/12 2:34:01 AM,C,7.152
2/20/12 2:49:01 AM,C,6.649
2/20/12 3:04:01 AM,C,6.649
2/20/12 3:19:01 AM,C,7.152
2/20/12 3:34:01 AM,C,6.146
2/20/12 3:49:01 AM,C,6.649
2/20/12 4:04:01 AM,C,7.152
2/20/12 4:19:01 AM,C,6.649
2/20/12 4:34:01 AM,C,6.649
2/20/12 4:49:01 AM,C,6.649
2/20/12 5:04:01 AM,C,6.649
2/20/12 5:19:01 AM,C,7.152
2/20/12 5:34:01 AM,C,6.649
2/20/12 5:49:01 AM,C,6.146
2/20/12 6:04:01 AM,C,6.146
2/20/12 6:19:01 AM,C,5.643
2/20/12 6:34:01 AM,C,6.146
2/20/12 6:49:01 AM,C,6.146
2/20/12 7:04:01 AM,C,6.146
2/20/12 7:19:01 AM,C,5.14
2/20/12 7:34:01 AM,C,5.14
2/20/12 7:49:01 AM,C,5.14
2/20/12 8:04:01 AM,C,5.14
2/20/12 8:19:01 AM,C,5.14
2/20/12 8:34:01 AM,C,5.14
2/20/12 8:49:01 AM,C,5.643
2/20/12 9:04:01 AM,C,5.643
2/20/12 9:19:01 AM,C,6.649
2/20/12 9:34:01 AM,C,6.649
2/20/12 9:49:01 AM,C,7.152
2/20/12 10:04:01 AM,C,7.654
2/20/12 10:19:01 AM,C,7.654
2/20/12 10:34:01 AM,C,7.654
2/20/12 10:49:01 AM,C,8.157
2/20/12 11:04:01 AM,C,8.66
2/20/12 11:19:01 AM,C,9.162
2/20/12 11:34:01 AM,C,9.162
2/20/12 11:49:01 AM,C,9.665
2/20/12 12:04:01 PM,C,9.665
2/20/12 12:19:01 PM,C,10.167
2/20/12 12:34:01 PM,C,10.67
2/20/12 12:49:01 PM,C,10.67
2/20/12 1:04:01 PM,C,11.172
2/20/12 1:19:01 PM,C,10.67
2/20/12 1:34:01 PM,C,13.682
2/20/12 1:49:01 PM,C,13.18
2/20/12 2:04:01 PM,C,13.18
2/20/12 2:19:01 PM,C,12.176
2/20/12 2:34:01 PM,C,13.18
2/20/12 2:49:01 PM,C,13.682
2/20/12 3:04:01 PM,C,12.176
2/20/12 3:19:01 PM,C,14.685
2/20/12 3:34:01 PM,C,12.176
2/20/12 3:49:01 PM,C,13.18
2/20/12 4:04:01 PM,C,13.18
2/20/12 4:19:01 PM,C,14.184
2/20/12 4:34:01 PM,C,14.184
2/20/12 4:49:01 PM,C,12.678
2/20/12 5:04:01 PM,C,12.176
2/20/12 5:19:01 PM,C,11.674
2/20/12 5:34:01 PM,C,11.674
2/20/12 5:49:01 PM,C,11.172
2/20/12 6:04:01 PM,C,10.67
2/20/12 6:19:01 PM,C,10.67
2/20/12 6:34:01 PM,C,9.665
2/20/12 6:49:01 PM,C,9.665
2/20/12 7:04:01 PM,C,8.66
2/20/12 7:19:01 PM,C,6.649
2/20/12 7:34:01 PM,C,4.133
2/20/12 7:49:01 PM,C,3.63
2/20/12 8:04:01 PM,C,1.616
2/20/12 8:19:01 PM,C,1.112
2/20/12 8:34:01 PM,C,-0.4
2/20/12 8:49:01 PM,C,-0.4
2/20/12 9:04:01 PM,C,-0.904
2/20/12 9:19:01 PM,C,-0.904
2/20/12 9:34:01 PM,C,-1.912
2/20/12 9:49:01 PM,C,-1.912
2/20/12 10:04:01 PM,C,-2.417
2/20/12 10:19:01 PM,C,-2.417
2/20/12 10:34:01 PM,C,-3.425
2/20/12 10:49:01 PM,C,-2.417
2/20/12 11:04:01 PM,C,-2.417
2/20/12 11:19:01 PM,C,-2.921
2/20/12 11:34:01 PM,C,-3.425
2/20/12 11:49:01 PM,C,-2.417
2/21/12 12:04:01 AM,C,-3.93
2/21/12 12:19:01 AM,C,-3.425
2/21/12 12:34:01 AM,C,-3.93
2/21/12 12:49:01 AM,C,-3.93
2/21/12 1:04:01 AM,C,-3.93
2/21/12 1:19:01 AM,C,-4.435
2/21/12 1:34:01 AM,C,-4.435
2/21/12 1:49:01 AM,C,-4.435
2/21/12 2:04:01 AM,C,-4.435
2/21/12 2:19:01 AM,C,-4.435
2/21/12 2:34:01 AM,C,-4.435
2/21/12 2:49:01 AM,C,-4.435
2/21/12 3:04:01 AM,C,-4.939
2/21/12 3:19:01 AM,C,-4.435
2/21/12 3:34:01 AM,C,-5.444
2/21/12 3:49:01 AM,C,-5.949
2/21/12 4:04:01 AM,C,-6.454
2/21/12 4:19:01 AM,C,-5.949
2/21/12 4:34:01 AM,C,-5.949
2/21/12 4:49:01 AM,C,-5.949
2/21/12 5:04:01 AM,C,-5.444
2/21/12 5:19:01 AM,C,-4.939
2/21/12 5:34:01 AM,C,-5.444
2/21/12 5:49:01 AM,C,-5.949
2/21/12 6:04:01 AM,C,-5.444
2/21/12 6:19:01 AM,C,-5.444
2/21/12 6:34:01 AM,C,-5.949
2/21/12 6:49:01 AM,C,-5.444
2/21/12 7:04:01 AM,C,-5.444
2/21/12 7:19:01 AM,C,-5.949
2/21/12 7:34:01 AM,C,-5.949
2/21/12 7:49:01 AM,C,-5.949
2/21/12 8:04:01 AM,C,-5.444
2/21/12 8:19:01 AM,C,-3.93
2/21/12 8:34:01 AM,C,-3.93
2/21/12 8:49:01 AM,C,-2.417
2/21/12 9:04:01 AM,C,2.623
2/21/12 9:19:01 AM,C,4.636
2/21/12 9:34:01 AM,C,6.649
2/21/12 9:49:01 AM,C,8.66
2/21/12 10:04:01 AM,C,9.665
2/21/12 10:19:01 AM,C,10.67
2/21/12 10:34:01 AM,C,11.172
2/21/12 10:49:01 AM,C,11.172
2/21/12 11:04:01 AM,C,12.678
2/21/12 11:19:01 AM,C,13.682
2/21/12 11:34:01 AM,C,14.184
2/21/12 11:49:01 AM,C,14.685
2/21/12 12:04:01 PM,C,15.187
2/21/12 12:19:01 PM,C,15.187
2/21/12 12:34:01 PM,C,15.187
2/21/12 12:49:01 PM,C,15.187
2/21/12 1:04:01 PM,C,15.187
2/21/12 1:19:01 PM,C,15.689
2/21/12 1:34:01 PM,C,17.694
2/21/12 1:49:01 PM,C,18.195
2/21/12 2:04:01 PM,C,18.195
2/21/12 2:19:01 PM,C,17.193
2/21/12 2:34:01 PM,C,18.195
2/21/12 2:49:01 PM,C,17.694
2/21/12 3:04:01 PM,C,16.692
2/21/12 3:19:01 PM,C,17.694
2/21/12 3:34:01 PM,C,16.692
2/21/12 3:49:01 PM,C,16.692
2/21/12 4:04:01 PM,C,16.692
2/21/12 4:19:01 PM,C,16.19
2/21/12 4:34:01 PM,C,15.689
2/21/12 4:49:01 PM,C,15.689
2/21/12 5:04:01 PM,C,15.187
2/21/12 5:19:01 PM,C,14.685
2/21/12 5:34:01 PM,C,14.685
2/21/12 5:49:01 PM,C,14.184
2/21/12 6:04:01 PM,C,14.184
2/21/12 6:19:01 PM,C,13.682
2/21/12 6:34:01 PM,C,13.18
2/21/12 6:49:01 PM,C,12.678
2/21/12 7:04:01 PM,C,11.674
2/21/12 7:19:01 PM,C,9.162
2/21/12 7:34:01 PM,C,8.157
2/21/12 7:49:01 PM,C,10.167
2/21/12 8:04:01 PM,C,6.649
2/21/12 8:19:01 PM,C,5.14
2/21/12 8:34:01 PM,C,3.63
2/21/12 8:49:01 PM,C,2.623
2/21/12 9:04:01 PM,C,1.616
2/21/12 9:19:01 PM,C,1.616
2/21/12 9:34:01 PM,C,2.119
2/21/12 9:49:01 PM,C,2.623
2/21/12 10:04:01 PM,C,3.126
2/21/12 10:19:01 PM,C,4.133
2/21/12 10:34:01 PM,C,6.649
2/21/12 10:49:01 PM,C,7.152
2/21/12 11:04:01 PM,C,6.649
2/21/12 11:19:01 PM,C,9.162
2/21/12 11:34:01 PM,C,9.665
2/21/12 11:49:01 PM,C,10.167
2/22/12 12:04:01 AM,C,10.167
2/22/12 12:19:01 AM,C,10.167
2/22/12 12:34:01 AM,C,10.167
2/22/12 12:49:01 AM,C,10.167
2/22/12 1:04:01 AM,C,10.167
2/22/12 1:19:01 AM,C,10.67
2/22/12 1:34:01 AM,C,10.167
2/22/12 1:49:01 AM,C,9.665
2/22/12 2:04:01 AM,C,9.665
2/22/12 2:19:01 AM,C,10.167
2/22/12 2:34:01 AM,C,10.167
2/22/12 2:49:01 AM,C,9.665
2/22/12 3:04:01 AM,C,9.665
2/22/12 3:19:01 AM,C,9.665
2/22/12 3:34:01 AM,C,9.665
2/22/12 3:49:01 AM,C,9.665
2/22/12 4:04:01 AM,C,9.665
2/22/12 4:19:01 AM,C,9.665
2/22/12 4:34:01 AM,C,9.665
2/22/12 4:49:01 AM,C,9.162
2/22/12 5:04:01 AM,C,8.66
2/22/12 5:19:01 AM,C,8.66
2/22/12 5:34:01 AM,C,8.66
2/22/12 5:49:01 AM,C,9.162
2/22/12 6:04:01 AM,C,9.162
2/22/12 6:19:01 AM,C,8.66
2/22/12 6:34:01 AM,C,8.66
2/22/12 6:49:01 AM,C,8.157
2/22/12 7:04:01 AM,C,8.66
2/22/12 7:19:01 AM,C,8.157
2/22/12 7:34:01 AM,C,8.157
2/22/12 7:49:01 AM,C,8.157
2/22/12 8:04:01 AM,C,8.66
2/22/12 8:19:01 AM,C,8.66
2/22/12 8:34:01 AM,C,8.66
2/22/12 8:49:01 AM,C,8.66
2/22/12 9:04:01 AM,C,9.665
2/22/12 9:19:01 AM,C,9.665
2/22/12 9:34:01 AM,C,10.167
2/22/12 9:49:01 AM,C,10.167
2/22/12 10:04:01 AM,C,11.172
2/22/12 10:19:01 AM,C,11.172
2/22/12 10:34:01 AM,C,12.176
2/22/12 10:49:01 AM,C,11.674
2/22/12 11:04:01 AM,C,12.678
2/22/12 11:19:01 AM,C,13.18
2/22/12 11:34:01 AM,C,13.18
2/22/12 11:49:01 AM,C,14.685
2/22/12 12:04:01 PM,C,14.685
2/22/12 12:19:01 PM,C,15.187
2/22/12 12:34:01 PM,C,14.685
2/22/12 12:49:01 PM,C,15.187
2/22/12 1:04:01 PM,C,15.187
2/22/12 1:19:01 PM,C,15.187
2/22/12 1:34:01 PM,C,17.193
2/22/12 1:49:01 PM,C,17.193
2/22/12 2:04:01 PM,C,16.692
2/22/12 2:19:01 PM,C,16.19
2/22/12 2:34:01 PM,C,17.193
2/22/12 2:49:01 PM,C,17.193
2/22/12 3:04:01 PM,C,16.692
2/22/12 3:19:01 PM,C,18.195
2/22/12 3:34:01 PM,C,16.692
2/22/12 3:49:01 PM,C,17.193
2/22/12 4:04:01 PM,C,17.193
2/22/12 4:19:01 PM,C,18.696
2/22/12 4:34:01 PM,C,17.193
2/22/12 4:49:01 PM,C,16.19
2/22/12 5:04:01 PM,C,16.19
2/22/12 5:19:01 PM,C,16.19
2/22/12 5:34:01 PM,C,15.689
2/22/12 5:49:01 PM,C,15.689
2/22/12 6:04:01 PM,C,15.187
2/22/12 6:19:01 PM,C,15.187
2/22/12 6:34:01 PM,C,14.184
2/22/12 6:49:01 PM,C,13.18
2/22/12 7:04:01 PM,C,13.682
2/22/12 7:19:01 PM,C,13.18
2/22/12 7:34:01 PM,C,13.18
2/22/12 7:49:01 PM,C,13.18
2/22/12 8:04:01 PM,C,13.18
2/22/12 8:19:01 PM,C,12.678
2/22/12 8:34:01 PM,C,12.678
2/22/12 8:49:01 PM,C,12.176
2/22/12 9:04:01 PM,C,12.176
2/22/12 9:19:01 PM,C,12.176
2/22/12 9:34:01 PM,C,12.176
2/22/12 9:49:01 PM,C,12.176
2/22/12 10:04:01 PM,C,12.176
2/22/12 10:19:01 PM,C,12.176
2/22/12 10:34:01 PM,C,12.176
2/22/12 10:49:01 PM,C,12.176
2/22/12 11:04:01 PM,C,12.176
2/22/12 11:19:01 PM,C,12.176
2/22/12 11:34:01 PM,C,12.176
2/22/12 11:49:01 PM,C,12.176
2/23/12 12:04:01 AM,C,12.176
2/23/12 12:19:01 AM,C,12.176
2/23/12 12:34:01 AM,C,12.176
2/23/12 12:49:01 AM,C,12.176
2/23/12 1:04:01 AM,C,12.176
2/23/12 1:19:01 AM,C,11.674
2/23/12 1:34:01 AM,C,11.674
2/23/12 1:49:01 AM,C,11.674
2/23/12 2:04:01 AM,C,11.172
2/23/12 2:19:01 AM,C,11.172
2/23/12 2:34:01 AM,C,10.67
2/23/12 2:49:01 AM,C,10.67
2/23/12 3:04:01 AM,C,10.67
2/23/12 3:19:01 AM,C,11.172
2/23/12 3:34:01 AM,C,11.172
2/23/12 3:49:01 AM,C,11.172
2/23/12 4:04:01 AM,C,11.172
2/23/12 4:19:01 AM,C,11.172
2/23/12 4:34:01 AM,C,10.67
2/23/12 4:49:01 AM,C,10.67
2/23/12 5:04:01 AM,C,10.67
2/23/12 5:19:01 AM,C,10.67
2/23/12 5:34:01 AM,C,10.67
2/23/12 5:49:01 AM,C,10.67
2/23/12 6:04:01 AM,C,10.67
2/23/12 6:19:01 AM,C,10.67
2/23/12 6:34:01 AM,C,10.67
2/23/12 6:49:01 AM,C,10.67
2/23/12 7:04:01 AM,C,10.67
2/23/12 7:19:01 AM,C,10.167
2/23/12 7:34:01 AM,C,10.67
2/23/12 7:49:01 AM,C,10.67
2/23/12 8:04:01 AM,C,10.167
2/23/12 8:19:01 AM,C,10.67
2/23/12 8:34:01 AM,C,10.67
2/23/12 8:49:01 AM,C,11.172
2/23/12 9:04:01 AM,C,11.674
2/23/12 9:19:01 AM,C,11.674
2/23/12 9:34:01 AM,C,12.176
2/23/12 9:49:01 AM,C,12.678
2/23/12 10:04:01 AM,C,12.678
2/23/12 10:19:01 AM,C,13.18
2/23/12 10:34:01 AM,C,13.682
2/23/12 10:49:01 AM,C,13.682
2/23/12 11:04:01 AM,C,14.685
2/23/12 11:19:01 AM,C,15.689
2/23/12 11:34:01 AM,C,15.689
2/23/12 11:49:01 AM,C,16.19
2/23/12 12:04:01 PM,C,16.19
2/23/12 12:19:01 PM,C,16.692
2/23/12 12:34:01 PM,C,16.19
2/23/12 12:49:01 PM,C,16.692
2/23/12 1:04:01 PM,C,16.692
2/23/12 1:19:01 PM,C,17.193
2/23/12 1:34:01 PM,C,18.195
2/23/12 1:49:01 PM,C,18.696
2/23/12 2:04:01 PM,C,18.696
2/23/12 2:19:01 PM,C,19.197
2/23/12 2:34:01 PM,C,20.7
2/23/12 2:49:01 PM,C,19.197
2/23/12 3:04:01 PM,C,19.197
2/23/12 3:19:01 PM,C,21.701
2/23/12 3:34:01 PM,C,19.197
2/23/12 3:49:01 PM,C,20.199
2/23/12 4:04:01 PM,C,20.199
2/23/12 4:19:01 PM,C,21.2
2/23/12 4:34:01 PM,C,19.698
2/23/12 4:49:01 PM,C,19.197
2/23/12 5:04:01 PM,C,18.696
2/23/12 5:19:01 PM,C,19.197
2/23/12 5:34:01 PM,C,18.195
2/23/12 5:49:01 PM,C,18.195
2/23/12 6:04:01 PM,C,17.694
2/23/12 6:19:01 PM,C,17.694
2/23/12 6:34:01 PM,C,17.193
2/23/12 6:49:01 PM,C,16.692
2/23/12 7:04:01 PM,C,16.692
2/23/12 7:19:01 PM,C,16.692
2/23/12 7:34:01 PM,C,16.19
2/23/12 7:49:01 PM,C,16.19
2/23/12 8:04:01 PM,C,16.19
2/23/12 8:19:01 PM,C,16.19
2/23/12 8:34:01 PM,C,16.19
2/23/12 8:49:01 PM,C,15.689
2/23/12 9:04:01 PM,C,14.685
2/23/12 9:19:01 PM,C,13.682
2/23/12 9:34:01 PM,C,14.184
2/23/12 9:49:01 PM,C,12.678
2/23/12 10:04:01 PM,C,13.18
2/23/12 10:19:01 PM,C,13.682
2/23/12 10:34:01 PM,C,12.678
2/23/12 10:49:01 PM,C,11.674
2/23/12 11:04:01 PM,C,12.176
2/23/12 11:19:01 PM,C,7.654
2/23/12 11:34:01 PM,C,9.162
2/23/12 11:49:01 PM,C,10.167
2/24/12 12:04:01 AM,C,6.649
2/24/12 12:19:01 AM,C,5.643
2/24/12 12:34:01 AM,C,5.14
2/24/12 12:49:01 AM,C,4.133
2/24/12 1:04:01 AM,C,3.63
2/24/12 1:19:01 AM,C,2.623
2/24/12 1:34:01 AM,C,1.616
2/24/12 1:49:01 AM,C,1.112
2/24/12 2:04:01 AM,C,0.608
2/24/12 2:19:01 AM,C,0.104
2/24/12 2:34:01 AM,C,-0.4
2/24/12 2:49:01 AM,C,-0.904
2/24/12 3:04:01 AM,C,-0.904
2/24/12 3:19:01 AM,C,-0.904
2/24/12 3:34:01 AM,C,-1.408
2/24/12 3:49:01 AM,C,-1.408
2/24/12 4:04:01 AM,C,-1.912
2/24/12 4:19:01 AM,C,-1.912
2/24/12 4:34:01 AM,C,-2.417
2/24/12 4:49:01 AM,C,-2.417
2/24/12 5:04:01 AM,C,-2.417
2/24/12 5:19:01 AM,C,-2.417
2/24/12 5:34:01 AM,C,-2.417
2/24/12 5:49:01 AM,C,-2.417
2/24/12 6:04:01 AM,C,-2.921
2/24/12 6:19:01 AM,C,-3.425
2/24/12 6:34:01 AM,C,-3.425
2/24/12 6:49:01 AM,C,-3.425
2/24/12 7:04:01 AM,C,-3.93
2/24/12 7:19:01 AM,C,-4.435
2/24/12 7:34:01 AM,C,-4.939
2/24/12 7:49:01 AM,C,-4.939
2/24/12 8:04:01 AM,C,-4.939
2/24/12 8:19:01 AM,C,-4.939
2/24/12 8:34:01 AM,C,-3.93
2/24/12 8:49:01 AM,C,-2.417
2/24/12 9:04:01 AM,C,-1.408
2/24/12 9:19:01 AM,C,-0.4
2/24/12 9:34:01 AM,C,0.104
2/24/12 9:49:01 AM,C,0.608
2/24/12 10:04:01 AM,C,1.112
2/24/12 10:19:01 AM,C,1.616
2/24/12 10:34:01 AM,C,2.119
2/24/12 10:49:01 AM,C,2.623
2/24/12 11:04:01 AM,C,4.133
2/24/12 11:19:01 AM,C,5.14
2/24/12 11:34:01 AM,C,6.146
2/24/12 11:49:01 AM,C,8.157
2/24/12 12:04:01 PM,C,6.649
2/24/12 12:19:01 PM,C,7.152
2/24/12 12:34:01 PM,C,6.649
2/24/12 12:49:01 PM,C,7.654
2/24/12 1:04:01 PM,C,7.654
2/24/12 1:19:01 PM,C,8.157
2/24/12 1:34:01 PM,C,9.162
2/24/12 1:49:01 PM,C,11.674
2/24/12 2:04:01 PM,C,10.67
2/24/12 2:19:01 PM,C,11.674
2/24/12 2:34:01 PM,C,12.176
2/24/12 2:49:01 PM,C,11.172
2/24/12 3:04:01 PM,C,11.674
2/24/12 3:19:01 PM,C,12.176
2/24/12 3:34:01 PM,C,10.67
2/24/12 3:49:01 PM,C,11.172
2/24/12 4:04:01 PM,C,11.674
2/24/12 4:19:01 PM,C,12.678
2/24/12 4:34:01 PM,C,11.674
2/24/12 4:49:01 PM,C,10.67
2/24/12 5:04:01 PM,C,9.665
2/24/12 5:19:01 PM,C,9.162
2/24/12 5:34:01 PM,C,8.66
2/24/12 5:49:01 PM,C,8.157
2/24/12 6:04:01 PM,C,7.654
2/24/12 6:19:01 PM,C,7.152
2/24/12 6:34:01 PM,C,6.146
2/24/12 6:49:01 PM,C,5.14
2/24/12 7:04:01 PM,C,4.133
2/24/12 7:19:01 PM,C,3.63
2/24/12 7:34:01 PM,C,3.126
2/24/12 7:49:01 PM,C,2.623
2/24/12 8:04:01 PM,C,2.623
2/24/12 8:19:01 PM,C,1.616
2/24/12 8:34:01 PM,C,0.608
2/24/12 8:49:01 PM,C,-0.4
2/24/12 9:04:01 PM,C,-1.408
2/24/12 9:19:01 PM,C,-1.912
2/24/12 9:34:01 PM,C,-1.912
2/24/12 9:49:01 PM,C,-1.912
2/24/12 10:04:01 PM,C,0.104
2/24/12 10:19:01 PM,C,-0.904
2/24/12 10:34:01 PM,C,-1.912
2/24/12 10:49:01 PM,C,-2.417
2/24/12 11:04:01 PM,C,-2.417
2/24/12 11:19:01 PM,C,-0.904
2/24/12 11:34:01 PM,C,-0.4
2/24/12 11:49:01 PM,C,-0.4
2/25/12 12:04:01 AM,C,-1.912
2/25/12 12:19:01 AM,C,-3.425
2/25/12 12:34:01 AM,C,-3.93
2/25/12 12:49:01 AM,C,-4.435
2/25/12 1:04:01 AM,C,-4.939
2/25/12 1:19:01 AM,C,-5.444
2/25/12 1:34:01 AM,C,-4.939
2/25/12 1:49:01 AM,C,-5.444
2/25/12 2:04:01 AM,C,-5.949
2/25/12 2:19:01 AM,C,-6.454
2/25/12 2:34:01 AM,C,-6.454
2/25/12 2:49:01 AM,C,-6.454
2/25/12 3:04:01 AM,C,-6.454
2/25/12 3:19:01 AM,C,-6.959
2/25/12 3:34:01 AM,C,-6.959
2/25/12 3:49:01 AM,C,-6.454
2/25/12 4:04:01 AM,C,-6.454
2/25/12 4:19:01 AM,C,-6.959
2/25/12 4:34:01 AM,C,-6.959
2/25/12 4:49:01 AM,C,-7.464
2/25/12 5:04:01 AM,C,-6.959
2/25/12 5:19:01 AM,C,-7.464
2/25/12 5:34:01 AM,C,-6.959
2/25/12 5:49:01 AM,C,-6.959
2/25/12 6:04:01 AM,C,-6.454
2/25/12 6:19:01 AM,C,-6.454
2/25/12 6:34:01 AM,C,-6.959
2/25/12 6:49:01 AM,C,-6.959
2/25/12 7:04:01 AM,C,-7.464
2/25/12 7:19:01 AM,C,-6.959
2/25/12 7:34:01 AM,C,-6.454
2/25/12 7:49:01 AM,C,-7.464
2/25/12 8:04:01 AM,C,-5.949
2/25/12 8:19:01 AM,C,-4.939
2/25/12 8:34:01 AM,C,-2.921
2/25/12 8:49:01 AM,C,-0.904
2/25/12 9:04:01 AM,C,2.623
2/25/12 9:19:01 AM,C,3.63
2/25/12 9:34:01 AM,C,4.133
2/25/12 9:49:01 AM,C,4.133
2/25/12 10:04:01 AM,C,5.14
2/25/12 10:19:01 AM,C,5.643
2/25/12 10:34:01 AM,C,6.649
2/25/12 10:49:01 AM,C,7.152
2/25/12 11:04:01 AM,C,8.157
2/25/12 11:19:01 AM,C,10.167
2/25/12 11:34:01 AM,C,11.674
2/25/12 11:49:01 AM,C,13.682
2/25/12 12:04:01 PM,C,12.678
2/25/12 12:19:01 PM,C,12.176
2/25/12 12:34:01 PM,C,12.176
2/25/12 12:49:01 PM,C,12.176
2/25/12 1:04:01 PM,C,12.176
2/25/12 1:19:01 PM,C,12.176
2/25/12 1:34:01 PM,C,13.682
2/25/12 1:49:01 PM,C,14.184
2/25/12 2:04:01 PM,C,13.18
2/25/12 2:19:01 PM,C,14.184
2/25/12 2:34:01 PM,C,14.184
2/25/12 2:49:01 PM,C,14.685
2/25/12 3:04:01 PM,C,15.187
2/25/12 3:19:01 PM,C,14.685
2/25/12 3:34:01 PM,C,15.187
2/25/12 3:49:01 PM,C,16.19
2/25/12 4:04:01 PM,C,15.689
2/25/12 4:19:01 PM,C,15.187
2/25/12 4:34:01 PM,C,14.685
2/25/12 4:49:01 PM,C,13.682
2/25/12 5:04:01 PM,C,13.18
2/25/12 5:19:01 PM,C,13.18
2/25/12 5:34:01 PM,C,13.18
2/25/12 5:49:01 PM,C,12.678
