1-Wire/iButton Part Number: DS1922L
1-Wire/iButton Registration Number: A70000000FD7BA41
Mission in Progress?  true
SUTA Mission?  false
Waiting for Temperature Alarm?  false
Sample Rate:  Every 3000 second(s)
Mission Start Time:  Tue Aug 13 14:54:01 CDT 2013
Mission Sample Count:  6767
Roll Over Enabled?  false(no rollover occurred)
First Sample Timestamp:  Tue Aug 13 14:54:01 CDT 2013
Total Mission Samples:  6767
Total Device Samples:  77909
Temperature Logging:  0.5 C
Temperature High Alarm:  disabled
Temperature Low Alarm:  disabled
Data Logging:  disabled
Data High Alarm:  disabled
Data Low Alarm:  disabled

Date/Time,Unit,Value
8/13/13 2:54:01 PM,C,28.705
8/13/13 3:44:01 PM,C,27.206
8/13/13 4:34:01 PM,C,26.207
8/13/13 5:24:01 PM,C,24.707
8/13/13 6:14:01 PM,C,24.207
8/13/13 7:04:01 PM,C,22.206
8/13/13 7:54:01 PM,C,21.705
8/13/13 8:44:01 PM,C,20.704
8/13/13 9:34:01 PM,C,19.703
8/13/13 10:24:01 PM,C,19.202
8/13/13 11:14:01 PM,C,19.202
8/14/13 12:04:01 AM,C,18.701
8/14/13 12:54:01 AM,C,18.2
8/14/13 1:44:01 AM,C,17.198
8/14/13 2:34:01 AM,C,17.699
8/14/13 3:24:01 AM,C,17.198
8/14/13 4:14:01 AM,C,15.694
8/14/13 5:04:01 AM,C,15.694
8/14/13 5:54:01 AM,C,15.192
8/14/13 6:44:01 AM,C,15.192
8/14/13 7:34:01 AM,C,15.192
8/14/13 8:24:01 AM,C,18.701
8/14/13 9:14:01 AM,C,20.203
8/14/13 10:04:01 AM,C,24.707
8/14/13 10:54:01 AM,C,24.207
8/14/13 11:44:01 AM,C,21.705
8/14/13 12:34:01 PM,C,23.206
8/14/13 1:24:01 PM,C,22.206
8/14/13 2:14:01 PM,C,22.206
8/14/13 3:04:01 PM,C,21.205
8/14/13 3:54:01 PM,C,23.206
8/14/13 4:44:01 PM,C,23.707
8/14/13 5:34:01 PM,C,23.206
8/14/13 6:24:01 PM,C,22.206
8/14/13 7:14:01 PM,C,20.704
8/14/13 8:04:01 PM,C,20.203
8/14/13 8:54:01 PM,C,19.202
8/14/13 9:44:01 PM,C,18.2
8/14/13 10:34:01 PM,C,18.701
8/14/13 11:24:01 PM,C,18.2
8/15/13 12:14:01 AM,C,17.699
8/15/13 1:04:01 AM,C,17.198
8/15/13 1:54:01 AM,C,16.697
8/15/13 2:44:01 AM,C,16.697
8/15/13 3:34:01 AM,C,15.694
8/15/13 4:24:01 AM,C,15.694
8/15/13 5:14:01 AM,C,16.195
8/15/13 6:04:01 AM,C,15.192
8/15/13 6:54:01 AM,C,15.694
8/15/13 7:44:01 AM,C,15.192
8/15/13 8:34:01 AM,C,17.699
8/15/13 9:24:01 AM,C,21.205
8/15/13 10:14:01 AM,C,24.207
8/15/13 11:04:01 AM,C,24.207
8/15/13 11:54:01 AM,C,23.707
8/15/13 12:44:01 PM,C,24.207
8/15/13 1:34:01 PM,C,23.206
8/15/13 2:24:01 PM,C,21.205
8/15/13 3:14:01 PM,C,20.704
8/15/13 4:04:01 PM,C,19.703
8/15/13 4:54:01 PM,C,20.203
8/15/13 5:44:01 PM,C,24.207
8/15/13 6:34:01 PM,C,22.206
8/15/13 7:24:01 PM,C,21.205
8/15/13 8:14:01 PM,C,19.703
8/15/13 9:04:01 PM,C,19.202
8/15/13 9:54:01 PM,C,18.701
8/15/13 10:44:01 PM,C,18.701
8/15/13 11:34:01 PM,C,17.699
8/16/13 12:24:01 AM,C,18.2
8/16/13 1:14:01 AM,C,17.198
8/16/13 2:04:01 AM,C,16.697
8/16/13 2:54:01 AM,C,16.195
8/16/13 3:44:01 AM,C,16.195
8/16/13 4:34:01 AM,C,15.192
8/16/13 5:24:01 AM,C,14.691
8/16/13 6:14:01 AM,C,16.195
8/16/13 7:04:01 AM,C,17.699
8/16/13 7:54:01 AM,C,19.202
8/16/13 8:44:01 AM,C,19.202
8/16/13 9:34:01 AM,C,22.206
8/16/13 10:24:01 AM,C,22.706
8/16/13 11:14:01 AM,C,25.707
8/16/13 12:04:01 PM,C,27.706
8/16/13 12:54:01 PM,C,26.207
8/16/13 1:44:01 PM,C,24.207
8/16/13 2:34:01 PM,C,17.699
8/16/13 3:24:01 PM,C,18.701
8/16/13 4:14:01 PM,C,21.705
8/16/13 5:04:01 PM,C,24.207
8/16/13 5:54:01 PM,C,24.207
8/16/13 6:44:01 PM,C,21.205
8/16/13 7:34:01 PM,C,20.203
8/16/13 8:24:01 PM,C,20.704
8/16/13 9:14:01 PM,C,20.203
8/16/13 10:04:01 PM,C,18.701
8/16/13 10:54:01 PM,C,17.198
8/16/13 11:44:01 PM,C,17.198
8/17/13 12:34:01 AM,C,17.198
8/17/13 1:24:01 AM,C,17.699
8/17/13 2:14:01 AM,C,17.198
8/17/13 3:04:01 AM,C,17.699
8/17/13 3:54:01 AM,C,17.198
8/17/13 4:44:01 AM,C,18.701
8/17/13 5:34:01 AM,C,16.697
8/17/13 6:24:01 AM,C,15.694
8/17/13 7:14:01 AM,C,16.195
8/17/13 8:04:01 AM,C,17.699
8/17/13 8:54:01 AM,C,20.704
8/17/13 9:44:01 AM,C,24.207
8/17/13 10:34:01 AM,C,25.207
8/17/13 11:24:01 AM,C,25.707
8/17/13 12:14:01 PM,C,27.206
8/17/13 1:04:01 PM,C,27.706
8/17/13 1:54:01 PM,C,28.206
8/17/13 2:44:01 PM,C,27.706
8/17/13 3:34:01 PM,C,26.207
8/17/13 4:24:01 PM,C,25.207
8/17/13 5:14:01 PM,C,25.207
8/17/13 6:04:01 PM,C,25.207
8/17/13 6:54:01 PM,C,23.206
8/17/13 7:44:01 PM,C,21.705
8/17/13 8:34:01 PM,C,19.202
8/17/13 9:24:01 PM,C,19.202
8/17/13 10:14:01 PM,C,17.699
8/17/13 11:04:01 PM,C,20.203
8/17/13 11:54:01 PM,C,19.703
8/18/13 12:44:01 AM,C,19.202
8/18/13 1:34:01 AM,C,18.701
8/18/13 2:24:01 AM,C,16.697
8/18/13 3:14:01 AM,C,16.697
8/18/13 4:04:01 AM,C,18.2
8/18/13 4:54:01 AM,C,17.699
8/18/13 5:44:01 AM,C,17.699
8/18/13 6:34:01 AM,C,17.198
8/18/13 7:24:01 AM,C,17.699
8/18/13 8:14:01 AM,C,18.2
8/18/13 9:04:01 AM,C,21.205
8/18/13 9:54:01 AM,C,22.706
8/18/13 10:44:01 AM,C,21.705
8/18/13 11:34:01 AM,C,26.207
8/18/13 12:24:01 PM,C,24.207
8/18/13 1:14:01 PM,C,27.206
8/18/13 2:04:01 PM,C,27.706
8/18/13 2:54:01 PM,C,19.202
8/18/13 3:44:01 PM,C,13.688
8/18/13 4:34:01 PM,C,14.189
8/18/13 5:24:01 PM,C,18.701
8/18/13 6:14:01 PM,C,15.192
8/18/13 7:04:01 PM,C,15.192
8/18/13 7:54:01 PM,C,16.697
8/18/13 8:44:01 PM,C,15.694
8/18/13 9:34:01 PM,C,15.192
8/18/13 10:24:01 PM,C,15.192
8/18/13 11:14:01 PM,C,15.694
8/19/13 12:04:01 AM,C,16.195
8/19/13 12:54:01 AM,C,15.694
8/19/13 1:44:01 AM,C,15.192
8/19/13 2:34:01 AM,C,16.195
8/19/13 3:24:01 AM,C,16.697
8/19/13 4:14:01 AM,C,14.691
8/19/13 5:04:01 AM,C,14.691
8/19/13 5:54:01 AM,C,14.691
8/19/13 6:44:01 AM,C,14.189
8/19/13 7:34:01 AM,C,14.189
8/19/13 8:24:01 AM,C,16.697
8/19/13 9:14:01 AM,C,20.203
8/19/13 10:04:01 AM,C,24.707
8/19/13 10:54:01 AM,C,23.206
8/19/13 11:44:01 AM,C,24.207
8/19/13 12:34:01 PM,C,25.207
8/19/13 1:24:01 PM,C,25.207
8/19/13 2:14:01 PM,C,26.707
8/19/13 3:04:01 PM,C,25.707
8/19/13 3:54:01 PM,C,23.707
8/19/13 4:44:01 PM,C,24.207
8/19/13 5:34:01 PM,C,24.207
8/19/13 6:24:01 PM,C,23.206
8/19/13 7:14:01 PM,C,21.705
8/19/13 8:04:01 PM,C,19.703
8/19/13 8:54:01 PM,C,19.703
8/19/13 9:44:01 PM,C,19.202
8/19/13 10:34:01 PM,C,19.703
8/19/13 11:24:01 PM,C,18.2
8/20/13 12:14:01 AM,C,17.699
8/20/13 1:04:01 AM,C,16.195
8/20/13 1:54:01 AM,C,15.694
8/20/13 2:44:01 AM,C,16.195
8/20/13 3:34:01 AM,C,15.192
8/20/13 4:24:01 AM,C,16.697
8/20/13 5:14:01 AM,C,17.198
8/20/13 6:04:01 AM,C,16.195
8/20/13 6:54:01 AM,C,17.198
8/20/13 7:44:01 AM,C,17.699
8/20/13 8:34:01 AM,C,18.701
8/20/13 9:24:01 AM,C,22.706
8/20/13 10:14:01 AM,C,23.206
8/20/13 11:04:01 AM,C,22.206
8/20/13 11:54:01 AM,C,23.707
8/20/13 12:44:01 PM,C,24.207
8/20/13 1:34:01 PM,C,25.207
8/20/13 2:24:01 PM,C,24.207
8/20/13 3:14:01 PM,C,25.707
8/20/13 4:04:01 PM,C,24.207
8/20/13 4:54:01 PM,C,21.705
8/20/13 5:44:01 PM,C,21.205
8/20/13 6:34:01 PM,C,20.704
8/20/13 7:24:01 PM,C,19.703
8/20/13 8:14:01 PM,C,18.2
8/20/13 9:04:01 PM,C,18.701
8/20/13 9:54:01 PM,C,18.2
8/20/13 10:44:01 PM,C,17.198
8/20/13 11:34:01 PM,C,16.697
8/21/13 12:24:01 AM,C,15.192
8/21/13 1:14:01 AM,C,15.694
8/21/13 2:04:01 AM,C,15.192
8/21/13 2:54:01 AM,C,15.192
8/21/13 3:44:01 AM,C,14.691
8/21/13 4:34:01 AM,C,15.192
8/21/13 5:24:01 AM,C,14.691
8/21/13 6:14:01 AM,C,14.691
8/21/13 7:04:01 AM,C,14.189
8/21/13 7:54:01 AM,C,14.691
8/21/13 8:44:01 AM,C,15.694
8/21/13 9:34:01 AM,C,18.701
8/21/13 10:24:01 AM,C,19.703
8/21/13 11:14:01 AM,C,20.704
8/21/13 12:04:01 PM,C,20.704
8/21/13 12:54:01 PM,C,23.206
8/21/13 1:44:01 PM,C,22.706
8/21/13 2:34:01 PM,C,24.207
8/21/13 3:24:01 PM,C,22.706
8/21/13 4:14:01 PM,C,24.207
8/21/13 5:04:01 PM,C,22.706
8/21/13 5:54:01 PM,C,22.206
8/21/13 6:44:01 PM,C,20.704
8/21/13 7:34:01 PM,C,20.203
8/21/13 8:24:01 PM,C,18.701
8/21/13 9:14:01 PM,C,18.2
8/21/13 10:04:01 PM,C,17.198
8/21/13 10:54:01 PM,C,17.198
8/21/13 11:44:01 PM,C,16.195
8/22/13 12:34:01 AM,C,15.694
8/22/13 1:24:01 AM,C,15.192
8/22/13 2:14:01 AM,C,15.192
8/22/13 3:04:01 AM,C,13.688
8/22/13 3:54:01 AM,C,13.688
8/22/13 4:44:01 AM,C,15.192
8/22/13 5:34:01 AM,C,14.691
8/22/13 6:24:01 AM,C,14.691
8/22/13 7:14:01 AM,C,13.688
8/22/13 8:04:01 AM,C,14.691
8/22/13 8:54:01 AM,C,17.198
8/22/13 9:44:01 AM,C,20.704
8/22/13 10:34:01 AM,C,22.206
8/22/13 11:24:01 AM,C,21.205
8/22/13 12:14:01 PM,C,22.206
8/22/13 1:04:01 PM,C,20.704
8/22/13 1:54:01 PM,C,21.705
8/22/13 2:44:01 PM,C,15.192
8/22/13 3:34:01 PM,C,16.697
8/22/13 4:24:01 PM,C,19.202
8/22/13 5:14:01 PM,C,20.203
8/22/13 6:04:01 PM,C,19.202
8/22/13 6:54:01 PM,C,17.198
8/22/13 7:44:01 PM,C,16.195
8/22/13 8:34:01 PM,C,15.694
8/22/13 9:24:01 PM,C,16.195
8/22/13 10:14:01 PM,C,16.697
8/22/13 11:04:01 PM,C,16.697
8/22/13 11:54:01 PM,C,15.694
8/23/13 12:44:01 AM,C,16.195
8/23/13 1:34:01 AM,C,15.192
8/23/13 2:24:01 AM,C,15.694
8/23/13 3:14:01 AM,C,15.192
8/23/13 4:04:01 AM,C,15.192
8/23/13 4:54:01 AM,C,15.192
8/23/13 5:44:01 AM,C,15.192
8/23/13 6:34:01 AM,C,13.186
8/23/13 7:24:01 AM,C,13.186
8/23/13 8:14:01 AM,C,14.189
8/23/13 9:04:01 AM,C,15.694
8/23/13 9:54:01 AM,C,16.195
8/23/13 10:44:01 AM,C,17.198
8/23/13 11:34:01 AM,C,20.203
8/23/13 12:24:01 PM,C,20.203
8/23/13 1:14:01 PM,C,22.706
8/23/13 2:04:01 PM,C,14.691
8/23/13 2:54:01 PM,C,13.186
8/23/13 3:44:01 PM,C,12.684
8/23/13 4:34:01 PM,C,13.688
8/23/13 5:24:01 PM,C,16.195
8/23/13 6:14:01 PM,C,16.195
8/23/13 7:04:01 PM,C,16.195
8/23/13 7:54:01 PM,C,15.694
8/23/13 8:44:01 PM,C,15.694
8/23/13 9:34:01 PM,C,15.694
8/23/13 10:24:01 PM,C,15.694
8/23/13 11:14:01 PM,C,15.192
8/24/13 12:04:01 AM,C,15.192
8/24/13 12:54:01 AM,C,15.192
8/24/13 1:44:01 AM,C,15.192
8/24/13 2:34:01 AM,C,15.192
8/24/13 3:24:01 AM,C,14.691
8/24/13 4:14:01 AM,C,14.691
8/24/13 5:04:01 AM,C,14.691
8/24/13 5:54:01 AM,C,14.691
8/24/13 6:44:01 AM,C,14.691
8/24/13 7:34:01 AM,C,14.691
8/24/13 8:24:01 AM,C,15.192
8/24/13 9:14:01 AM,C,15.694
8/24/13 10:04:01 AM,C,16.195
8/24/13 10:54:01 AM,C,17.699
8/24/13 11:44:01 AM,C,20.203
8/24/13 12:34:01 PM,C,20.704
8/24/13 1:24:01 PM,C,21.205
8/24/13 2:14:01 PM,C,22.706
8/24/13 3:04:01 PM,C,22.706
8/24/13 3:54:01 PM,C,20.704
8/24/13 4:44:01 PM,C,21.705
8/24/13 5:34:01 PM,C,21.205
8/24/13 6:24:01 PM,C,20.704
8/24/13 7:14:01 PM,C,19.703
8/24/13 8:04:01 PM,C,19.202
8/24/13 8:54:01 PM,C,18.701
8/24/13 9:44:01 PM,C,17.699
8/24/13 10:34:01 PM,C,17.198
8/24/13 11:24:01 PM,C,17.198
8/25/13 12:14:01 AM,C,16.697
8/25/13 1:04:01 AM,C,16.697
8/25/13 1:54:01 AM,C,16.195
8/25/13 2:44:01 AM,C,16.195
8/25/13 3:34:01 AM,C,15.694
8/25/13 4:24:01 AM,C,15.694
8/25/13 5:14:01 AM,C,15.192
8/25/13 6:04:01 AM,C,14.189
8/25/13 6:54:01 AM,C,15.192
8/25/13 7:44:01 AM,C,14.189
8/25/13 8:34:01 AM,C,16.697
8/25/13 9:24:01 AM,C,19.202
8/25/13 10:14:01 AM,C,20.203
8/25/13 11:04:01 AM,C,20.704
8/25/13 11:54:01 AM,C,20.704
8/25/13 12:44:01 PM,C,21.205
8/25/13 1:34:01 PM,C,23.206
8/25/13 2:24:01 PM,C,21.205
8/25/13 3:14:01 PM,C,21.205
8/25/13 4:04:01 PM,C,22.706
8/25/13 4:54:01 PM,C,22.206
8/25/13 5:44:01 PM,C,20.704
8/25/13 6:34:01 PM,C,19.202
8/25/13 7:24:01 PM,C,19.202
8/25/13 8:14:01 PM,C,18.701
8/25/13 9:04:01 PM,C,18.2
8/25/13 9:54:01 PM,C,18.2
8/25/13 10:44:01 PM,C,17.699
8/25/13 11:34:01 PM,C,17.198
8/26/13 12:24:01 AM,C,16.697
8/26/13 1:14:01 AM,C,16.195
8/26/13 2:04:01 AM,C,16.195
8/26/13 2:54:01 AM,C,16.195
8/26/13 3:44:01 AM,C,15.694
8/26/13 4:34:01 AM,C,15.694
8/26/13 5:24:01 AM,C,15.192
8/26/13 6:14:01 AM,C,14.691
8/26/13 7:04:01 AM,C,14.189
8/26/13 7:54:01 AM,C,14.189
8/26/13 8:44:01 AM,C,15.192
8/26/13 9:34:01 AM,C,18.2
8/26/13 10:24:01 AM,C,20.704
8/26/13 11:14:01 AM,C,20.203
8/26/13 12:04:01 PM,C,19.703
8/26/13 12:54:01 PM,C,20.203
8/26/13 1:44:01 PM,C,21.705
8/26/13 2:34:01 PM,C,22.206
8/26/13 3:24:01 PM,C,21.205
8/26/13 4:14:01 PM,C,22.706
8/26/13 5:04:01 PM,C,22.206
8/26/13 5:54:01 PM,C,21.705
8/26/13 6:44:01 PM,C,19.703
8/26/13 7:34:01 PM,C,19.202
8/26/13 8:24:01 PM,C,18.2
8/26/13 9:14:01 PM,C,17.699
8/26/13 10:04:01 PM,C,16.697
8/26/13 10:54:01 PM,C,17.198
8/26/13 11:44:01 PM,C,16.195
8/27/13 12:34:01 AM,C,15.694
8/27/13 1:24:01 AM,C,15.192
8/27/13 2:14:01 AM,C,14.691
8/27/13 3:04:01 AM,C,14.189
8/27/13 3:54:01 AM,C,13.688
8/27/13 4:44:01 AM,C,13.688
8/27/13 5:34:01 AM,C,13.688
8/27/13 6:24:01 AM,C,13.688
8/27/13 7:14:01 AM,C,13.688
8/27/13 8:04:01 AM,C,13.688
8/27/13 8:54:01 AM,C,13.688
8/27/13 9:44:01 AM,C,14.691
8/27/13 10:34:01 AM,C,15.192
8/27/13 11:24:01 AM,C,16.697
8/27/13 12:14:01 PM,C,18.2
8/27/13 1:04:01 PM,C,18.701
8/27/13 1:54:01 PM,C,19.202
8/27/13 2:44:01 PM,C,19.703
8/27/13 3:34:01 PM,C,18.2
8/27/13 4:24:01 PM,C,17.699
8/27/13 5:14:01 PM,C,17.198
8/27/13 6:04:01 PM,C,17.198
8/27/13 6:54:01 PM,C,17.198
8/27/13 7:44:01 PM,C,16.697
8/27/13 8:34:01 PM,C,15.694
8/27/13 9:24:01 PM,C,15.192
8/27/13 10:14:01 PM,C,15.192
8/27/13 11:04:01 PM,C,15.192
8/27/13 11:54:01 PM,C,15.192
8/28/13 12:44:01 AM,C,15.192
8/28/13 1:34:01 AM,C,15.192
8/28/13 2:24:01 AM,C,15.192
8/28/13 3:14:01 AM,C,14.691
8/28/13 4:04:01 AM,C,14.189
8/28/13 4:54:01 AM,C,14.189
8/28/13 5:44:01 AM,C,14.189
8/28/13 6:34:01 AM,C,13.688
8/28/13 7:24:01 AM,C,14.189
8/28/13 8:14:01 AM,C,14.691
8/28/13 9:04:01 AM,C,15.192
8/28/13 9:54:01 AM,C,16.697
8/28/13 10:44:01 AM,C,17.699
8/28/13 11:34:01 AM,C,18.701
8/28/13 12:24:01 PM,C,19.703
8/28/13 1:14:01 PM,C,21.205
8/28/13 2:04:01 PM,C,19.703
8/28/13 2:54:01 PM,C,21.205
8/28/13 3:44:01 PM,C,22.706
8/28/13 4:34:01 PM,C,21.205
8/28/13 5:24:01 PM,C,22.206
8/28/13 6:14:01 PM,C,21.205
8/28/13 7:04:01 PM,C,20.203
8/28/13 7:54:01 PM,C,19.703
8/28/13 8:44:01 PM,C,19.202
8/28/13 9:34:01 PM,C,18.2
8/28/13 10:24:01 PM,C,17.699
8/28/13 11:14:01 PM,C,17.699
8/29/13 12:04:01 AM,C,17.198
8/29/13 12:54:01 AM,C,16.195
8/29/13 1:44:01 AM,C,15.192
8/29/13 2:34:01 AM,C,16.195
8/29/13 3:24:01 AM,C,16.195
8/29/13 4:14:01 AM,C,16.195
8/29/13 5:04:01 AM,C,16.195
8/29/13 5:54:01 AM,C,16.195
8/29/13 6:44:01 AM,C,14.691
8/29/13 7:34:01 AM,C,14.189
8/29/13 8:24:01 AM,C,16.195
8/29/13 9:14:01 AM,C,19.703
8/29/13 10:04:01 AM,C,21.205
8/29/13 10:54:01 AM,C,22.706
8/29/13 11:44:01 AM,C,23.206
8/29/13 12:34:01 PM,C,24.207
8/29/13 1:24:01 PM,C,22.206
8/29/13 2:14:01 PM,C,23.707
8/29/13 3:04:01 PM,C,23.206
8/29/13 3:54:01 PM,C,22.706
8/29/13 4:44:01 PM,C,23.707
8/29/13 5:34:01 PM,C,22.706
8/29/13 6:24:01 PM,C,21.705
8/29/13 7:14:01 PM,C,21.705
8/29/13 8:04:01 PM,C,19.703
8/29/13 8:54:01 PM,C,18.701
8/29/13 9:44:01 PM,C,17.699
8/29/13 10:34:01 PM,C,18.2
8/29/13 11:24:01 PM,C,18.2
8/30/13 12:14:01 AM,C,16.697
8/30/13 1:04:01 AM,C,17.198
8/30/13 1:54:01 AM,C,16.195
8/30/13 2:44:01 AM,C,15.694
8/30/13 3:34:01 AM,C,15.694
8/30/13 4:24:01 AM,C,16.195
8/30/13 5:14:01 AM,C,15.192
8/30/13 6:04:01 AM,C,14.691
8/30/13 6:54:01 AM,C,14.691
8/30/13 7:44:01 AM,C,14.189
8/30/13 8:34:01 AM,C,17.699
8/30/13 9:24:01 AM,C,20.704
8/30/13 10:14:01 AM,C,22.706
8/30/13 11:04:01 AM,C,23.206
8/30/13 11:54:01 AM,C,24.207
8/30/13 12:44:01 PM,C,27.206
8/30/13 1:34:01 PM,C,24.207
8/30/13 2:24:01 PM,C,25.707
8/30/13 3:14:01 PM,C,25.707
8/30/13 4:04:01 PM,C,26.707
8/30/13 4:54:01 PM,C,27.206
8/30/13 5:44:01 PM,C,25.207
8/30/13 6:34:01 PM,C,22.206
8/30/13 7:24:01 PM,C,21.705
8/30/13 8:14:01 PM,C,20.203
8/30/13 9:04:01 PM,C,18.701
8/30/13 9:54:01 PM,C,17.699
8/30/13 10:44:01 PM,C,18.2
8/30/13 11:34:01 PM,C,17.198
8/31/13 12:24:01 AM,C,16.195
8/31/13 1:14:01 AM,C,17.699
8/31/13 2:04:01 AM,C,18.2
8/31/13 2:54:01 AM,C,16.195
8/31/13 3:44:01 AM,C,15.694
8/31/13 4:34:01 AM,C,15.192
8/31/13 5:24:01 AM,C,15.192
8/31/13 6:14:01 AM,C,14.691
8/31/13 7:04:01 AM,C,14.691
8/31/13 7:54:01 AM,C,15.192
8/31/13 8:44:01 AM,C,18.701
8/31/13 9:34:01 AM,C,22.706
8/31/13 10:24:01 AM,C,23.206
8/31/13 11:14:01 AM,C,24.207
8/31/13 12:04:01 PM,C,25.707
8/31/13 12:54:01 PM,C,28.705
8/31/13 1:44:01 PM,C,28.705
8/31/13 2:34:01 PM,C,26.207
8/31/13 3:24:01 PM,C,26.707
8/31/13 4:14:01 PM,C,26.207
8/31/13 5:04:01 PM,C,25.707
8/31/13 5:54:01 PM,C,25.207
8/31/13 6:44:01 PM,C,22.706
8/31/13 7:34:01 PM,C,20.704
8/31/13 8:24:01 PM,C,20.203
8/31/13 9:14:01 PM,C,19.202
8/31/13 10:04:01 PM,C,19.202
8/31/13 10:54:01 PM,C,18.2
8/31/13 11:44:01 PM,C,17.198
9/1/13 12:34:01 AM,C,17.699
9/1/13 1:24:01 AM,C,16.195
9/1/13 2:14:01 AM,C,19.202
9/1/13 3:04:01 AM,C,19.703
9/1/13 3:54:01 AM,C,19.202
9/1/13 4:44:01 AM,C,19.202
9/1/13 5:34:01 AM,C,18.701
9/1/13 6:24:01 AM,C,18.701
9/1/13 7:14:01 AM,C,17.699
9/1/13 8:04:01 AM,C,18.2
9/1/13 8:54:01 AM,C,20.704
9/1/13 9:44:01 AM,C,23.707
9/1/13 10:34:01 AM,C,24.707
9/1/13 11:24:01 AM,C,25.207
9/1/13 12:14:01 PM,C,26.207
9/1/13 1:04:01 PM,C,26.207
9/1/13 1:54:01 PM,C,28.206
9/1/13 2:44:01 PM,C,28.705
9/1/13 3:34:01 PM,C,27.706
9/1/13 4:24:01 PM,C,27.206
9/1/13 5:14:01 PM,C,28.206
9/1/13 6:04:01 PM,C,25.207
9/1/13 6:54:01 PM,C,23.707
9/1/13 7:44:01 PM,C,22.706
9/1/13 8:34:01 PM,C,22.206
9/1/13 9:24:01 PM,C,21.205
9/1/13 10:14:01 PM,C,19.703
9/1/13 11:04:01 PM,C,19.202
9/1/13 11:54:01 PM,C,18.2
9/2/13 12:44:01 AM,C,18.2
9/2/13 1:34:01 AM,C,18.2
9/2/13 2:24:01 AM,C,17.198
9/2/13 3:14:01 AM,C,16.697
9/2/13 4:04:01 AM,C,17.198
9/2/13 4:54:01 AM,C,17.198
9/2/13 5:44:01 AM,C,17.699
9/2/13 6:34:01 AM,C,18.2
9/2/13 7:24:01 AM,C,15.694
9/2/13 8:14:01 AM,C,16.195
9/2/13 9:04:01 AM,C,20.203
9/2/13 9:54:01 AM,C,22.206
9/2/13 10:44:01 AM,C,23.206
9/2/13 11:34:01 AM,C,22.206
9/2/13 12:24:01 PM,C,23.206
9/2/13 1:14:01 PM,C,25.207
9/2/13 2:04:01 PM,C,24.707
9/2/13 2:54:01 PM,C,24.707
9/2/13 3:44:01 PM,C,23.707
9/2/13 4:34:01 PM,C,21.705
9/2/13 5:24:01 PM,C,20.704
9/2/13 6:14:01 PM,C,20.203
9/2/13 7:04:01 PM,C,20.203
9/2/13 7:54:01 PM,C,20.203
9/2/13 8:44:01 PM,C,19.202
9/2/13 9:34:01 PM,C,18.2
9/2/13 10:24:01 PM,C,17.699
9/2/13 11:14:01 PM,C,17.198
9/3/13 12:04:01 AM,C,16.697
9/3/13 12:54:01 AM,C,16.195
9/3/13 1:44:01 AM,C,15.694
9/3/13 2:34:01 AM,C,15.192
9/3/13 3:24:01 AM,C,14.691
9/3/13 4:14:01 AM,C,15.192
9/3/13 5:04:01 AM,C,14.189
9/3/13 5:54:01 AM,C,13.688
9/3/13 6:44:01 AM,C,13.688
9/3/13 7:34:01 AM,C,14.189
9/3/13 8:24:01 AM,C,14.691
9/3/13 9:14:01 AM,C,18.2
9/3/13 10:04:01 AM,C,19.703
9/3/13 10:54:01 AM,C,19.703
9/3/13 11:44:01 AM,C,20.203
9/3/13 12:34:01 PM,C,20.704
9/3/13 1:24:01 PM,C,22.706
9/3/13 2:14:01 PM,C,24.707
9/3/13 3:04:01 PM,C,22.206
9/3/13 3:54:01 PM,C,24.707
9/3/13 4:44:01 PM,C,25.207
9/3/13 5:34:01 PM,C,15.192
9/3/13 6:24:01 PM,C,15.694
9/3/13 7:14:01 PM,C,15.694
9/3/13 8:04:01 PM,C,15.192
9/3/13 8:54:01 PM,C,14.691
9/3/13 9:44:01 PM,C,15.192
9/3/13 10:34:01 PM,C,16.195
9/3/13 11:24:01 PM,C,15.694
9/4/13 12:14:01 AM,C,15.192
9/4/13 1:04:01 AM,C,14.691
9/4/13 1:54:01 AM,C,14.691
9/4/13 2:44:01 AM,C,13.688
9/4/13 3:34:01 AM,C,15.694
9/4/13 4:24:01 AM,C,15.694
9/4/13 5:14:01 AM,C,15.694
9/4/13 6:04:01 AM,C,15.192
9/4/13 6:54:01 AM,C,14.691
9/4/13 7:44:01 AM,C,14.189
9/4/13 8:34:01 AM,C,15.694
9/4/13 9:24:01 AM,C,18.2
9/4/13 10:14:01 AM,C,19.202
9/4/13 11:04:01 AM,C,19.703
9/4/13 11:54:01 AM,C,21.205
9/4/13 12:44:01 PM,C,22.706
9/4/13 1:34:01 PM,C,23.206
9/4/13 2:24:01 PM,C,23.707
9/4/13 3:14:01 PM,C,23.206
9/4/13 4:04:01 PM,C,24.207
9/4/13 4:54:01 PM,C,23.707
9/4/13 5:44:01 PM,C,22.706
9/4/13 6:34:01 PM,C,21.705
9/4/13 7:24:01 PM,C,21.205
9/4/13 8:14:01 PM,C,20.704
9/4/13 9:04:01 PM,C,15.192
9/4/13 9:54:01 PM,C,15.694
9/4/13 10:44:01 PM,C,16.195
9/4/13 11:34:01 PM,C,16.195
9/5/13 12:24:01 AM,C,16.697
9/5/13 1:14:01 AM,C,16.697
9/5/13 2:04:01 AM,C,16.697
9/5/13 2:54:01 AM,C,16.195
9/5/13 3:44:01 AM,C,16.195
9/5/13 4:34:01 AM,C,16.697
9/5/13 5:24:01 AM,C,15.694
9/5/13 6:14:01 AM,C,15.192
9/5/13 7:04:01 AM,C,14.691
9/5/13 7:54:01 AM,C,15.192
9/5/13 8:44:01 AM,C,15.694
9/5/13 9:34:01 AM,C,18.2
9/5/13 10:24:01 AM,C,18.701
9/5/13 11:14:01 AM,C,20.704
9/5/13 12:04:01 PM,C,20.704
9/5/13 12:54:01 PM,C,22.706
9/5/13 1:44:01 PM,C,23.707
9/5/13 2:34:01 PM,C,21.705
9/5/13 3:24:01 PM,C,22.206
9/5/13 4:14:01 PM,C,21.705
9/5/13 5:04:01 PM,C,23.707
9/5/13 5:54:01 PM,C,19.202
9/5/13 6:44:01 PM,C,19.202
9/5/13 7:34:01 PM,C,19.703
9/5/13 8:24:01 PM,C,19.202
9/5/13 9:14:01 PM,C,18.701
9/5/13 10:04:01 PM,C,18.2
9/5/13 10:54:01 PM,C,17.198
9/5/13 11:44:01 PM,C,16.697
9/6/13 12:34:01 AM,C,16.195
9/6/13 1:24:01 AM,C,15.694
9/6/13 2:14:01 AM,C,15.694
9/6/13 3:04:01 AM,C,15.694
9/6/13 3:54:01 AM,C,15.192
9/6/13 4:44:01 AM,C,15.694
9/6/13 5:34:01 AM,C,16.195
9/6/13 6:24:01 AM,C,13.688
9/6/13 7:14:01 AM,C,14.691
9/6/13 8:04:01 AM,C,14.189
9/6/13 8:54:01 AM,C,17.198
9/6/13 9:44:01 AM,C,18.701
9/6/13 10:34:01 AM,C,19.703
9/6/13 11:24:01 AM,C,19.703
9/6/13 12:14:01 PM,C,21.705
9/6/13 1:04:01 PM,C,22.206
9/6/13 1:54:01 PM,C,22.706
9/6/13 2:44:01 PM,C,23.206
9/6/13 3:34:01 PM,C,22.706
9/6/13 4:24:01 PM,C,23.707
9/6/13 5:14:01 PM,C,23.707
9/6/13 6:04:01 PM,C,21.705
9/6/13 6:54:01 PM,C,20.704
9/6/13 7:44:01 PM,C,20.203
9/6/13 8:34:01 PM,C,19.202
9/6/13 9:24:01 PM,C,18.2
9/6/13 10:14:01 PM,C,17.198
9/6/13 11:04:01 PM,C,16.195
9/6/13 11:54:01 PM,C,15.694
9/7/13 12:44:01 AM,C,15.192
9/7/13 1:34:01 AM,C,15.694
9/7/13 2:24:01 AM,C,15.694
9/7/13 3:14:01 AM,C,14.189
9/7/13 4:04:01 AM,C,13.186
9/7/13 4:54:01 AM,C,13.186
9/7/13 5:44:01 AM,C,13.688
9/7/13 6:34:01 AM,C,12.684
9/7/13 7:24:01 AM,C,13.186
9/7/13 8:14:01 AM,C,14.189
9/7/13 9:04:01 AM,C,17.198
9/7/13 9:54:01 AM,C,19.202
9/7/13 10:44:01 AM,C,19.202
9/7/13 11:34:01 AM,C,20.704
9/7/13 12:24:01 PM,C,23.707
9/7/13 1:14:01 PM,C,22.206
9/7/13 2:04:01 PM,C,22.206
9/7/13 2:54:01 PM,C,21.205
9/7/13 3:44:01 PM,C,22.706
9/7/13 4:34:01 PM,C,20.203
9/7/13 5:24:01 PM,C,19.703
9/7/13 6:14:01 PM,C,20.203
9/7/13 7:04:01 PM,C,19.703
9/7/13 7:54:01 PM,C,19.202
9/7/13 8:44:01 PM,C,18.701
9/7/13 9:34:01 PM,C,18.2
9/7/13 10:24:01 PM,C,17.699
9/7/13 11:14:01 PM,C,16.697
9/8/13 12:04:01 AM,C,16.195
9/8/13 12:54:01 AM,C,16.195
9/8/13 1:44:01 AM,C,15.694
9/8/13 2:34:01 AM,C,15.694
9/8/13 3:24:01 AM,C,15.192
9/8/13 4:14:01 AM,C,15.192
9/8/13 5:04:01 AM,C,14.691
9/8/13 5:54:01 AM,C,14.189
9/8/13 6:44:01 AM,C,12.684
9/8/13 7:34:01 AM,C,13.186
9/8/13 8:24:01 AM,C,15.192
9/8/13 9:14:01 AM,C,17.198
9/8/13 10:04:01 AM,C,18.701
9/8/13 10:54:01 AM,C,19.703
9/8/13 11:44:01 AM,C,20.704
9/8/13 12:34:01 PM,C,22.706
9/8/13 1:24:01 PM,C,22.706
9/8/13 2:14:01 PM,C,21.205
9/8/13 3:04:01 PM,C,14.691
9/8/13 3:54:01 PM,C,15.192
9/8/13 4:44:01 PM,C,20.203
9/8/13 5:34:01 PM,C,19.202
9/8/13 6:24:01 PM,C,17.699
9/8/13 7:14:01 PM,C,16.697
9/8/13 8:04:01 PM,C,16.697
9/8/13 8:54:01 PM,C,15.694
9/8/13 9:44:01 PM,C,15.192
9/8/13 10:34:01 PM,C,15.694
9/8/13 11:24:01 PM,C,15.192
9/9/13 12:14:01 AM,C,14.691
9/9/13 1:04:01 AM,C,14.691
9/9/13 1:54:01 AM,C,14.189
9/9/13 2:44:01 AM,C,14.189
9/9/13 3:34:01 AM,C,14.189
9/9/13 4:24:01 AM,C,14.691
9/9/13 5:14:01 AM,C,14.691
9/9/13 6:04:01 AM,C,14.189
9/9/13 6:54:01 AM,C,13.688
9/9/13 7:44:01 AM,C,14.189
9/9/13 8:34:01 AM,C,15.694
9/9/13 9:24:01 AM,C,17.198
9/9/13 10:14:01 AM,C,18.2
9/9/13 11:04:01 AM,C,19.202
9/9/13 11:54:01 AM,C,19.703
9/9/13 12:44:01 PM,C,18.2
9/9/13 1:34:01 PM,C,21.205
9/9/13 2:24:01 PM,C,21.705
9/9/13 3:14:01 PM,C,20.704
9/9/13 4:04:01 PM,C,17.699
9/9/13 4:54:01 PM,C,16.195
9/9/13 5:44:01 PM,C,14.691
9/9/13 6:34:01 PM,C,14.189
9/9/13 7:24:01 PM,C,13.688
9/9/13 8:14:01 PM,C,14.189
9/9/13 9:04:01 PM,C,14.691
9/9/13 9:54:01 PM,C,15.192
9/9/13 10:44:01 PM,C,15.694
9/9/13 11:34:01 PM,C,15.192
9/10/13 12:24:01 AM,C,15.192
9/10/13 1:14:01 AM,C,14.691
9/10/13 2:04:01 AM,C,14.691
9/10/13 2:54:01 AM,C,14.691
9/10/13 3:44:01 AM,C,14.691
9/10/13 4:34:01 AM,C,14.691
9/10/13 5:24:01 AM,C,14.691
9/10/13 6:14:01 AM,C,14.189
9/10/13 7:04:01 AM,C,14.189
9/10/13 7:54:01 AM,C,14.189
9/10/13 8:44:01 AM,C,15.192
9/10/13 9:34:01 AM,C,16.697
9/10/13 10:24:01 AM,C,15.694
9/10/13 11:14:01 AM,C,16.195
9/10/13 12:04:01 PM,C,16.697
9/10/13 12:54:01 PM,C,17.699
9/10/13 1:44:01 PM,C,18.701
9/10/13 2:34:01 PM,C,17.699
9/10/13 3:24:01 PM,C,15.694
9/10/13 4:14:01 PM,C,18.701
9/10/13 5:04:01 PM,C,15.694
9/10/13 5:54:01 PM,C,16.195
9/10/13 6:44:01 PM,C,15.694
9/10/13 7:34:01 PM,C,15.694
9/10/13 8:24:01 PM,C,14.691
9/10/13 9:14:01 PM,C,15.192
9/10/13 10:04:01 PM,C,15.192
9/10/13 10:54:01 PM,C,15.192
9/10/13 11:44:01 PM,C,15.192
9/11/13 12:34:01 AM,C,14.691
9/11/13 1:24:01 AM,C,14.691
9/11/13 2:14:01 AM,C,14.189
9/11/13 3:04:01 AM,C,14.691
9/11/13 3:54:01 AM,C,14.691
9/11/13 4:44:01 AM,C,14.691
9/11/13 5:34:01 AM,C,14.189
9/11/13 6:24:01 AM,C,14.691
9/11/13 7:14:01 AM,C,14.691
9/11/13 8:04:01 AM,C,14.691
9/11/13 8:54:01 AM,C,14.691
9/11/13 9:44:01 AM,C,15.192
9/11/13 10:34:01 AM,C,15.192
9/11/13 11:24:01 AM,C,16.195
9/11/13 12:14:01 PM,C,17.198
9/11/13 1:04:01 PM,C,15.694
9/11/13 1:54:01 PM,C,17.699
9/11/13 2:44:01 PM,C,17.699
9/11/13 3:34:01 PM,C,19.202
9/11/13 4:24:01 PM,C,18.2
9/11/13 5:14:01 PM,C,18.701
9/11/13 6:04:01 PM,C,17.699
9/11/13 6:54:01 PM,C,18.2
9/11/13 7:44:01 PM,C,16.697
9/11/13 8:34:01 PM,C,15.694
9/11/13 9:24:01 PM,C,15.192
9/11/13 10:14:01 PM,C,14.691
9/11/13 11:04:01 PM,C,14.691
9/11/13 11:54:01 PM,C,14.691
9/12/13 12:44:01 AM,C,14.691
9/12/13 1:34:01 AM,C,14.189
9/12/13 2:24:01 AM,C,14.189
9/12/13 3:14:01 AM,C,14.189
9/12/13 4:04:01 AM,C,14.189
9/12/13 4:54:01 AM,C,14.189
9/12/13 5:44:01 AM,C,14.189
9/12/13 6:34:01 AM,C,14.189
9/12/13 7:24:01 AM,C,13.688
9/12/13 8:14:01 AM,C,13.688
9/12/13 9:04:01 AM,C,14.189
9/12/13 9:54:01 AM,C,14.189
9/12/13 10:44:01 AM,C,14.691
9/12/13 11:34:01 AM,C,14.691
9/12/13 12:24:01 PM,C,15.192
9/12/13 1:14:01 PM,C,15.694
9/12/13 2:04:01 PM,C,16.697
9/12/13 2:54:01 PM,C,16.195
9/12/13 3:44:01 PM,C,15.694
9/12/13 4:34:01 PM,C,16.697
9/12/13 5:24:01 PM,C,18.701
9/12/13 6:14:01 PM,C,17.198
9/12/13 7:04:01 PM,C,16.697
9/12/13 7:54:01 PM,C,16.195
9/12/13 8:44:01 PM,C,15.694
9/12/13 9:34:01 PM,C,15.694
9/12/13 10:24:01 PM,C,15.192
9/12/13 11:14:01 PM,C,14.189
9/13/13 12:04:01 AM,C,13.688
9/13/13 12:54:01 AM,C,13.688
9/13/13 1:44:01 AM,C,13.688
9/13/13 2:34:01 AM,C,13.186
9/13/13 3:24:01 AM,C,13.186
9/13/13 4:14:01 AM,C,13.186
9/13/13 5:04:01 AM,C,13.186
9/13/13 5:54:01 AM,C,13.186
9/13/13 6:44:01 AM,C,12.684
9/13/13 7:34:01 AM,C,12.684
9/13/13 8:24:01 AM,C,13.186
9/13/13 9:14:01 AM,C,13.688
9/13/13 10:04:01 AM,C,15.694
9/13/13 10:54:01 AM,C,16.697
9/13/13 11:44:01 AM,C,17.699
9/13/13 12:34:01 PM,C,19.703
9/13/13 1:24:01 PM,C,19.202
9/13/13 2:14:01 PM,C,19.202
9/13/13 3:04:01 PM,C,21.205
9/13/13 3:54:01 PM,C,20.203
9/13/13 4:44:01 PM,C,20.704
9/13/13 5:34:01 PM,C,18.701
9/13/13 6:24:01 PM,C,18.701
9/13/13 7:14:01 PM,C,17.699
9/13/13 8:04:01 PM,C,17.198
9/13/13 8:54:01 PM,C,16.697
9/13/13 9:44:01 PM,C,15.694
9/13/13 10:34:01 PM,C,15.192
9/13/13 11:24:01 PM,C,14.189
9/14/13 12:14:01 AM,C,14.189
9/14/13 1:04:01 AM,C,13.688
9/14/13 1:54:01 AM,C,13.186
9/14/13 2:44:01 AM,C,13.186
9/14/13 3:34:01 AM,C,13.688
9/14/13 4:24:01 AM,C,13.186
9/14/13 5:14:01 AM,C,13.186
9/14/13 6:04:01 AM,C,12.684
9/14/13 6:54:01 AM,C,12.684
9/14/13 7:44:01 AM,C,12.684
9/14/13 8:34:01 AM,C,12.684
9/14/13 9:24:01 AM,C,15.192
9/14/13 10:14:01 AM,C,16.195
9/14/13 11:04:01 AM,C,17.198
9/14/13 11:54:01 AM,C,18.701
9/14/13 12:44:01 PM,C,18.2
9/14/13 1:34:01 PM,C,18.2
9/14/13 2:24:01 PM,C,20.203
9/14/13 3:14:01 PM,C,19.202
9/14/13 4:04:01 PM,C,19.703
9/14/13 4:54:01 PM,C,20.704
9/14/13 5:44:01 PM,C,18.701
9/14/13 6:34:01 PM,C,18.701
9/14/13 7:24:01 PM,C,18.2
9/14/13 8:14:01 PM,C,18.2
9/14/13 9:04:01 PM,C,17.198
9/14/13 9:54:01 PM,C,16.697
9/14/13 10:44:01 PM,C,15.694
9/14/13 11:34:01 PM,C,15.192
9/15/13 12:24:01 AM,C,14.189
9/15/13 1:14:01 AM,C,14.691
9/15/13 2:04:01 AM,C,15.192
9/15/13 2:54:01 AM,C,14.691
9/15/13 3:44:01 AM,C,14.189
9/15/13 4:34:01 AM,C,13.186
9/15/13 5:24:01 AM,C,12.684
9/15/13 6:14:01 AM,C,12.182
9/15/13 7:04:01 AM,C,13.688
9/15/13 7:54:01 AM,C,14.691
9/15/13 8:44:01 AM,C,14.189
9/15/13 9:34:01 AM,C,18.2
9/15/13 10:24:01 AM,C,16.697
9/15/13 11:14:01 AM,C,20.203
9/15/13 12:04:01 PM,C,20.203
9/15/13 12:54:01 PM,C,21.205
9/15/13 1:44:01 PM,C,21.705
9/15/13 2:34:01 PM,C,20.203
9/15/13 3:24:01 PM,C,21.705
9/15/13 4:14:01 PM,C,21.205
9/15/13 5:04:01 PM,C,22.206
9/15/13 5:54:01 PM,C,20.704
9/15/13 6:44:01 PM,C,19.703
9/15/13 7:34:01 PM,C,18.701
9/15/13 8:24:01 PM,C,17.699
9/15/13 9:14:01 PM,C,17.198
9/15/13 10:04:01 PM,C,16.195
9/15/13 10:54:01 PM,C,15.694
9/15/13 11:44:01 PM,C,15.192
9/16/13 12:34:01 AM,C,15.192
9/16/13 1:24:01 AM,C,14.691
9/16/13 2:14:01 AM,C,14.691
9/16/13 3:04:01 AM,C,14.691
9/16/13 3:54:01 AM,C,14.189
9/16/13 4:44:01 AM,C,14.189
9/16/13 5:34:01 AM,C,13.186
9/16/13 6:24:01 AM,C,12.684
9/16/13 7:14:01 AM,C,14.691
9/16/13 8:04:01 AM,C,13.688
9/16/13 8:54:01 AM,C,14.189
9/16/13 9:44:01 AM,C,13.688
9/16/13 10:34:01 AM,C,16.697
9/16/13 11:24:01 AM,C,18.701
9/16/13 12:14:01 PM,C,18.2
9/16/13 1:04:01 PM,C,18.2
9/16/13 1:54:01 PM,C,19.703
9/16/13 2:44:01 PM,C,20.203
9/16/13 3:34:01 PM,C,18.701
9/16/13 4:24:01 PM,C,19.202
9/16/13 5:14:01 PM,C,18.701
9/16/13 6:04:01 PM,C,18.2
9/16/13 6:54:01 PM,C,17.198
9/16/13 7:44:01 PM,C,16.697
9/16/13 8:34:01 PM,C,16.195
9/16/13 9:24:01 PM,C,15.694
9/16/13 10:14:01 PM,C,15.694
9/16/13 11:04:01 PM,C,15.192
9/16/13 11:54:01 PM,C,15.192
9/17/13 12:44:01 AM,C,14.189
9/17/13 1:34:01 AM,C,13.688
9/17/13 2:24:01 AM,C,13.688
9/17/13 3:14:01 AM,C,13.688
9/17/13 4:04:01 AM,C,13.186
9/17/13 4:54:01 AM,C,13.186
9/17/13 5:44:01 AM,C,13.186
9/17/13 6:34:01 AM,C,13.186
9/17/13 7:24:01 AM,C,13.186
9/17/13 8:14:01 AM,C,13.186
9/17/13 9:04:01 AM,C,13.186
9/17/13 9:54:01 AM,C,12.684
9/17/13 10:44:01 AM,C,14.189
9/17/13 11:34:01 AM,C,15.192
9/17/13 12:24:01 PM,C,15.694
9/17/13 1:14:01 PM,C,18.2
9/17/13 2:04:01 PM,C,19.703
9/17/13 2:54:01 PM,C,19.703
9/17/13 3:44:01 PM,C,19.703
9/17/13 4:34:01 PM,C,18.701
9/17/13 5:24:01 PM,C,17.699
9/17/13 6:14:01 PM,C,15.192
9/17/13 7:04:01 PM,C,15.694
9/17/13 7:54:01 PM,C,14.691
9/17/13 8:44:01 PM,C,13.688
9/17/13 9:34:01 PM,C,13.688
9/17/13 10:24:01 PM,C,13.688
9/17/13 11:14:01 PM,C,13.688
9/18/13 12:04:01 AM,C,13.688
9/18/13 12:54:01 AM,C,13.186
9/18/13 1:44:01 AM,C,13.688
9/18/13 2:34:01 AM,C,13.186
9/18/13 3:24:01 AM,C,13.186
9/18/13 4:14:01 AM,C,14.189
9/18/13 5:04:01 AM,C,13.688
9/18/13 5:54:01 AM,C,13.688
9/18/13 6:44:01 AM,C,14.189
9/18/13 7:34:01 AM,C,14.189
9/18/13 8:24:01 AM,C,14.189
9/18/13 9:14:01 AM,C,15.192
9/18/13 10:04:01 AM,C,16.195
9/18/13 10:54:01 AM,C,18.2
9/18/13 11:44:01 AM,C,17.699
9/18/13 12:34:01 PM,C,18.701
9/18/13 1:24:01 PM,C,18.2
9/18/13 2:14:01 PM,C,18.2
9/18/13 3:04:01 PM,C,16.697
9/18/13 3:54:01 PM,C,17.198
9/18/13 4:44:01 PM,C,17.699
9/18/13 5:34:01 PM,C,18.2
9/18/13 6:24:01 PM,C,17.699
9/18/13 7:14:01 PM,C,16.697
9/18/13 8:04:01 PM,C,16.195
9/18/13 8:54:01 PM,C,15.192
9/18/13 9:44:01 PM,C,14.189
9/18/13 10:34:01 PM,C,14.189
9/18/13 11:24:01 PM,C,14.691
9/19/13 12:14:01 AM,C,14.189
9/19/13 1:04:01 AM,C,14.189
9/19/13 1:54:01 AM,C,14.189
9/19/13 2:44:01 AM,C,14.189
9/19/13 3:34:01 AM,C,14.189
9/19/13 4:24:01 AM,C,13.688
9/19/13 5:14:01 AM,C,13.688
9/19/13 6:04:01 AM,C,13.688
9/19/13 6:54:01 AM,C,13.688
9/19/13 7:44:01 AM,C,14.189
9/19/13 8:34:01 AM,C,14.189
9/19/13 9:24:01 AM,C,14.691
9/19/13 10:14:01 AM,C,14.189
9/19/13 11:04:01 AM,C,15.694
9/19/13 11:54:01 AM,C,15.192
9/19/13 12:44:01 PM,C,16.697
9/19/13 1:34:01 PM,C,16.697
9/19/13 2:24:01 PM,C,15.694
9/19/13 3:14:01 PM,C,13.688
9/19/13 4:04:01 PM,C,14.189
9/19/13 4:54:01 PM,C,13.688
9/19/13 5:44:01 PM,C,13.688
9/19/13 6:34:01 PM,C,13.186
9/19/13 7:24:01 PM,C,12.684
9/19/13 8:14:01 PM,C,12.684
9/19/13 9:04:01 PM,C,12.182
9/19/13 9:54:01 PM,C,13.186
9/19/13 10:44:01 PM,C,12.684
9/19/13 11:34:01 PM,C,12.684
9/20/13 12:24:01 AM,C,12.684
9/20/13 1:14:01 AM,C,12.684
9/20/13 2:04:01 AM,C,12.182
9/20/13 2:54:01 AM,C,12.182
9/20/13 3:44:01 AM,C,12.182
9/20/13 4:34:01 AM,C,12.684
9/20/13 5:24:01 AM,C,12.182
9/20/13 6:14:01 AM,C,11.681
9/20/13 7:04:01 AM,C,11.681
9/20/13 7:54:01 AM,C,11.179
9/20/13 8:44:01 AM,C,13.186
9/20/13 9:34:01 AM,C,13.186
9/20/13 10:24:01 AM,C,14.189
9/20/13 11:14:01 AM,C,15.694
9/20/13 12:04:01 PM,C,14.189
9/20/13 12:54:01 PM,C,14.691
9/20/13 1:44:01 PM,C,13.688
9/20/13 2:34:01 PM,C,14.189
9/20/13 3:24:01 PM,C,13.688
9/20/13 4:14:01 PM,C,13.688
9/20/13 5:04:01 PM,C,13.186
9/20/13 5:54:01 PM,C,12.684
9/20/13 6:44:01 PM,C,12.684
9/20/13 7:34:01 PM,C,12.182
9/20/13 8:24:01 PM,C,11.681
9/20/13 9:14:01 PM,C,11.681
9/20/13 10:04:01 PM,C,11.681
9/20/13 10:54:01 PM,C,11.179
9/20/13 11:44:01 PM,C,10.676
9/21/13 12:34:01 AM,C,10.174
9/21/13 1:24:01 AM,C,9.672
9/21/13 2:14:01 AM,C,9.17
9/21/13 3:04:01 AM,C,9.17
9/21/13 3:54:01 AM,C,9.17
9/21/13 4:44:01 AM,C,8.667
9/21/13 5:34:01 AM,C,8.667
9/21/13 6:24:01 AM,C,9.17
9/21/13 7:14:01 AM,C,9.17
9/21/13 8:04:01 AM,C,9.17
9/21/13 8:54:01 AM,C,9.672
9/21/13 9:44:01 AM,C,11.179
9/21/13 10:34:01 AM,C,12.684
9/21/13 11:24:01 AM,C,13.186
9/21/13 12:14:01 PM,C,16.697
9/21/13 1:04:01 PM,C,16.697
9/21/13 1:54:01 PM,C,18.701
9/21/13 2:44:01 PM,C,17.699
9/21/13 3:34:01 PM,C,17.198
9/21/13 4:24:01 PM,C,17.198
9/21/13 5:14:01 PM,C,16.697
9/21/13 6:04:01 PM,C,15.694
9/21/13 6:54:01 PM,C,14.691
9/21/13 7:44:01 PM,C,14.189
9/21/13 8:34:01 PM,C,12.182
9/21/13 9:24:01 PM,C,11.179
9/21/13 10:14:01 PM,C,10.174
9/21/13 11:04:01 PM,C,10.174
9/21/13 11:54:01 PM,C,10.174
9/22/13 12:44:01 AM,C,10.676
9/22/13 1:34:01 AM,C,9.672
9/22/13 2:24:01 AM,C,9.672
9/22/13 3:14:01 AM,C,9.672
9/22/13 4:04:01 AM,C,9.17
9/22/13 4:54:01 AM,C,9.17
9/22/13 5:44:01 AM,C,9.17
9/22/13 6:34:01 AM,C,9.17
9/22/13 7:24:01 AM,C,7.662
9/22/13 8:14:01 AM,C,8.165
9/22/13 9:04:01 AM,C,11.179
9/22/13 9:54:01 AM,C,14.189
9/22/13 10:44:01 AM,C,15.192
9/22/13 11:34:01 AM,C,16.697
9/22/13 12:24:01 PM,C,18.701
9/22/13 1:14:01 PM,C,20.203
9/22/13 2:04:01 PM,C,20.704
9/22/13 2:54:01 PM,C,18.701
9/22/13 3:44:01 PM,C,19.202
9/22/13 4:34:01 PM,C,19.202
9/22/13 5:24:01 PM,C,18.2
9/22/13 6:14:01 PM,C,15.694
9/22/13 7:04:01 PM,C,14.189
9/22/13 7:54:01 PM,C,13.688
9/22/13 8:44:01 PM,C,12.684
9/22/13 9:34:01 PM,C,14.189
9/22/13 10:24:01 PM,C,14.189
9/22/13 11:14:01 PM,C,14.189
9/23/13 12:04:01 AM,C,13.688
9/23/13 12:54:01 AM,C,13.688
9/23/13 1:44:01 AM,C,13.688
9/23/13 2:34:01 AM,C,13.688
9/23/13 3:24:01 AM,C,13.688
9/23/13 4:14:01 AM,C,13.186
9/23/13 5:04:01 AM,C,13.688
9/23/13 5:54:01 AM,C,14.189
9/23/13 6:44:01 AM,C,14.189
9/23/13 7:34:01 AM,C,13.186
9/23/13 8:24:01 AM,C,12.684
9/23/13 9:14:01 AM,C,15.192
9/23/13 10:04:01 AM,C,17.198
9/23/13 10:54:01 AM,C,18.2
9/23/13 11:44:01 AM,C,19.703
9/23/13 12:34:01 PM,C,21.205
9/23/13 1:24:01 PM,C,21.705
9/23/13 2:14:01 PM,C,22.706
9/23/13 3:04:01 PM,C,21.705
9/23/13 3:54:01 PM,C,21.705
9/23/13 4:44:01 PM,C,22.206
9/23/13 5:34:01 PM,C,19.703
9/23/13 6:24:01 PM,C,16.697
9/23/13 7:14:01 PM,C,15.192
9/23/13 8:04:01 PM,C,14.189
9/23/13 8:54:01 PM,C,13.186
9/23/13 9:44:01 PM,C,12.182
9/23/13 10:34:01 PM,C,11.681
9/23/13 11:24:01 PM,C,11.179
9/24/13 12:14:01 AM,C,10.676
9/24/13 1:04:01 AM,C,10.174
9/24/13 1:54:01 AM,C,10.174
9/24/13 2:44:01 AM,C,10.174
9/24/13 3:34:01 AM,C,11.179
9/24/13 4:24:01 AM,C,13.688
9/24/13 5:14:01 AM,C,11.681
9/24/13 6:04:01 AM,C,9.672
9/24/13 6:54:01 AM,C,10.676
9/24/13 7:44:01 AM,C,9.672
9/24/13 8:34:01 AM,C,11.681
9/24/13 9:24:01 AM,C,14.189
9/24/13 10:14:01 AM,C,17.198
9/24/13 11:04:01 AM,C,17.699
9/24/13 11:54:01 AM,C,20.203
9/24/13 12:44:01 PM,C,22.206
9/24/13 1:34:01 PM,C,22.206
9/24/13 2:24:01 PM,C,21.705
9/24/13 3:14:01 PM,C,21.705
9/24/13 4:04:01 PM,C,22.206
9/24/13 4:54:01 PM,C,22.206
9/24/13 5:44:01 PM,C,17.699
9/24/13 6:34:01 PM,C,14.691
9/24/13 7:24:01 PM,C,13.688
9/24/13 8:14:01 PM,C,12.684
9/24/13 9:04:01 PM,C,12.182
9/24/13 9:54:01 PM,C,11.681
9/24/13 10:44:01 PM,C,11.681
9/24/13 11:34:01 PM,C,11.681
9/25/13 12:24:01 AM,C,11.179
9/25/13 1:14:01 AM,C,11.179
9/25/13 2:04:01 AM,C,10.676
9/25/13 2:54:01 AM,C,10.676
9/25/13 3:44:01 AM,C,10.676
9/25/13 4:34:01 AM,C,11.179
9/25/13 5:24:01 AM,C,11.179
9/25/13 6:14:01 AM,C,13.186
9/25/13 7:04:01 AM,C,14.189
9/25/13 7:54:01 AM,C,13.688
9/25/13 8:44:01 AM,C,14.691
9/25/13 9:34:01 AM,C,17.699
9/25/13 10:24:01 AM,C,19.202
9/25/13 11:14:01 AM,C,20.203
9/25/13 12:04:01 PM,C,21.705
9/25/13 12:54:01 PM,C,24.707
9/25/13 1:44:01 PM,C,24.207
9/25/13 2:34:01 PM,C,23.707
9/25/13 3:24:01 PM,C,23.707
9/25/13 4:14:01 PM,C,23.707
9/25/13 5:04:01 PM,C,23.206
9/25/13 5:54:01 PM,C,20.203
9/25/13 6:44:01 PM,C,17.198
9/25/13 7:34:01 PM,C,16.195
9/25/13 8:24:01 PM,C,15.694
9/25/13 9:14:01 PM,C,17.198
9/25/13 10:04:01 PM,C,14.691
9/25/13 10:54:01 PM,C,17.699
9/25/13 11:44:01 PM,C,14.691
9/26/13 12:34:01 AM,C,17.198
9/26/13 1:24:01 AM,C,17.198
9/26/13 2:14:01 AM,C,17.198
9/26/13 3:04:01 AM,C,17.198
9/26/13 3:54:01 AM,C,17.198
9/26/13 4:44:01 AM,C,17.198
9/26/13 5:34:01 AM,C,16.697
9/26/13 6:24:01 AM,C,16.697
9/26/13 7:14:01 AM,C,16.195
9/26/13 8:04:01 AM,C,16.697
9/26/13 8:54:01 AM,C,17.699
9/26/13 9:44:01 AM,C,20.203
9/26/13 10:34:01 AM,C,21.205
9/26/13 11:24:01 AM,C,21.705
9/26/13 12:14:01 PM,C,23.707
9/26/13 1:04:01 PM,C,25.707
9/26/13 1:54:01 PM,C,25.707
9/26/13 2:44:01 PM,C,24.207
9/26/13 3:34:01 PM,C,24.207
9/26/13 4:24:01 PM,C,25.207
9/26/13 5:14:01 PM,C,23.707
9/26/13 6:04:01 PM,C,21.205
9/26/13 6:54:01 PM,C,21.205
9/26/13 7:44:01 PM,C,17.699
9/26/13 8:34:01 PM,C,18.2
9/26/13 9:24:01 PM,C,19.202
9/26/13 10:14:01 PM,C,18.2
9/26/13 11:04:01 PM,C,18.2
9/26/13 11:54:01 PM,C,17.198
9/27/13 12:44:01 AM,C,18.2
9/27/13 1:34:01 AM,C,18.2
9/27/13 2:24:01 AM,C,18.2
9/27/13 3:14:01 AM,C,17.699
9/27/13 4:04:01 AM,C,17.699
9/27/13 4:54:01 AM,C,17.699
9/27/13 5:44:01 AM,C,16.195
9/27/13 6:34:01 AM,C,15.694
9/27/13 7:24:01 AM,C,13.688
9/27/13 8:14:01 AM,C,14.691
9/27/13 9:04:01 AM,C,17.198
9/27/13 9:54:01 AM,C,18.701
9/27/13 10:44:01 AM,C,21.705
9/27/13 11:34:01 AM,C,21.705
9/27/13 12:24:01 PM,C,22.706
9/27/13 1:14:01 PM,C,23.206
9/27/13 2:04:01 PM,C,24.207
9/27/13 2:54:01 PM,C,23.206
9/27/13 3:44:01 PM,C,23.206
9/27/13 4:34:01 PM,C,22.206
9/27/13 5:24:01 PM,C,20.203
9/27/13 6:14:01 PM,C,20.704
9/27/13 7:04:01 PM,C,19.703
9/27/13 7:54:01 PM,C,17.198
9/27/13 8:44:01 PM,C,18.701
9/27/13 9:34:01 PM,C,17.198
9/27/13 10:24:01 PM,C,17.699
9/27/13 11:14:01 PM,C,16.697
9/28/13 12:04:01 AM,C,17.699
9/28/13 12:54:01 AM,C,15.694
9/28/13 1:44:01 AM,C,14.189
9/28/13 2:34:01 AM,C,13.688
9/28/13 3:24:01 AM,C,12.182
9/28/13 4:14:01 AM,C,11.179
9/28/13 5:04:01 AM,C,11.179
9/28/13 5:54:01 AM,C,11.681
9/28/13 6:44:01 AM,C,11.681
9/28/13 7:34:01 AM,C,10.174
9/28/13 8:24:01 AM,C,9.17
9/28/13 9:14:01 AM,C,10.174
9/28/13 10:04:01 AM,C,12.684
9/28/13 10:54:01 AM,C,13.688
9/28/13 11:44:01 AM,C,15.694
9/28/13 12:34:01 PM,C,17.198
9/28/13 1:24:01 PM,C,18.2
9/28/13 2:14:01 PM,C,19.202
9/28/13 3:04:01 PM,C,17.699
9/28/13 3:54:01 PM,C,17.699
9/28/13 4:44:01 PM,C,17.198
9/28/13 5:34:01 PM,C,15.694
9/28/13 6:24:01 PM,C,13.688
9/28/13 7:14:01 PM,C,12.684
9/28/13 8:04:01 PM,C,11.179
9/28/13 8:54:01 PM,C,10.174
9/28/13 9:44:01 PM,C,9.672
9/28/13 10:34:01 PM,C,9.17
9/28/13 11:24:01 PM,C,8.667
9/29/13 12:14:01 AM,C,8.667
9/29/13 1:04:01 AM,C,8.667
9/29/13 1:54:01 AM,C,9.17
9/29/13 2:44:01 AM,C,8.165
9/29/13 3:34:01 AM,C,8.165
9/29/13 4:24:01 AM,C,7.662
9/29/13 5:14:01 AM,C,8.165
9/29/13 6:04:01 AM,C,8.165
9/29/13 6:54:01 AM,C,8.165
9/29/13 7:44:01 AM,C,8.165
9/29/13 8:34:01 AM,C,9.672
9/29/13 9:24:01 AM,C,14.691
9/29/13 10:14:01 AM,C,16.195
9/29/13 11:04:01 AM,C,16.697
9/29/13 11:54:01 AM,C,18.2
9/29/13 12:44:01 PM,C,20.203
9/29/13 1:34:01 PM,C,21.205
9/29/13 2:24:01 PM,C,20.704
9/29/13 3:14:01 PM,C,20.203
9/29/13 4:04:01 PM,C,19.703
9/29/13 4:54:01 PM,C,18.701
9/29/13 5:44:01 PM,C,16.195
9/29/13 6:34:01 PM,C,13.688
9/29/13 7:24:01 PM,C,12.684
9/29/13 8:14:01 PM,C,11.681
9/29/13 9:04:01 PM,C,11.179
9/29/13 9:54:01 PM,C,10.676
9/29/13 10:44:01 PM,C,10.174
9/29/13 11:34:01 PM,C,10.174
9/30/13 12:24:01 AM,C,10.676
9/30/13 1:14:01 AM,C,14.189
9/30/13 2:04:01 AM,C,14.189
9/30/13 2:54:01 AM,C,14.691
9/30/13 3:44:01 AM,C,14.189
9/30/13 4:34:01 AM,C,14.189
9/30/13 5:24:01 AM,C,11.681
9/30/13 6:14:01 AM,C,9.672
9/30/13 7:04:01 AM,C,8.165
9/30/13 7:54:01 AM,C,8.667
9/30/13 8:44:01 AM,C,10.174
9/30/13 9:34:01 AM,C,15.694
9/30/13 10:24:01 AM,C,17.198
9/30/13 11:14:01 AM,C,19.202
9/30/13 12:04:01 PM,C,21.205
9/30/13 12:54:01 PM,C,23.707
9/30/13 1:44:01 PM,C,23.707
9/30/13 2:34:01 PM,C,22.706
9/30/13 3:24:01 PM,C,21.705
9/30/13 4:14:01 PM,C,21.705
9/30/13 5:04:01 PM,C,20.704
9/30/13 5:54:01 PM,C,17.198
9/30/13 6:44:01 PM,C,16.195
9/30/13 7:34:01 PM,C,15.694
9/30/13 8:24:01 PM,C,13.688
9/30/13 9:14:01 PM,C,12.684
9/30/13 10:04:01 PM,C,12.684
9/30/13 10:54:01 PM,C,12.684
9/30/13 11:44:01 PM,C,11.681
10/1/13 12:34:01 AM,C,11.179
10/1/13 1:24:01 AM,C,11.681
10/1/13 2:14:01 AM,C,11.681
10/1/13 3:04:01 AM,C,11.179
10/1/13 3:54:01 AM,C,11.681
10/1/13 4:44:01 AM,C,11.179
10/1/13 5:34:01 AM,C,11.179
10/1/13 6:24:01 AM,C,11.681
10/1/13 7:14:01 AM,C,10.676
10/1/13 8:04:01 AM,C,10.676
10/1/13 8:54:01 AM,C,11.681
10/1/13 9:44:01 AM,C,17.699
10/1/13 10:34:01 AM,C,19.202
10/1/13 11:24:01 AM,C,20.704
10/1/13 12:14:01 PM,C,22.706
10/1/13 1:04:01 PM,C,23.707
10/1/13 1:54:01 PM,C,24.707
10/1/13 2:44:01 PM,C,23.206
10/1/13 3:34:01 PM,C,23.707
10/1/13 4:24:01 PM,C,22.206
10/1/13 5:14:01 PM,C,20.704
10/1/13 6:04:01 PM,C,17.699
10/1/13 6:54:01 PM,C,18.2
10/1/13 7:44:01 PM,C,15.192
10/1/13 8:34:01 PM,C,14.189
10/1/13 9:24:01 PM,C,14.189
10/1/13 10:14:01 PM,C,13.186
10/1/13 11:04:01 PM,C,12.684
10/1/13 11:54:01 PM,C,12.182
10/2/13 12:44:01 AM,C,11.681
10/2/13 1:34:01 AM,C,11.681
10/2/13 2:24:01 AM,C,11.681
10/2/13 3:14:01 AM,C,12.182
10/2/13 4:04:01 AM,C,11.179
10/2/13 4:54:01 AM,C,11.179
10/2/13 5:44:01 AM,C,11.179
10/2/13 6:34:01 AM,C,10.676
10/2/13 7:24:01 AM,C,10.676
10/2/13 8:14:01 AM,C,10.676
10/2/13 9:04:01 AM,C,14.691
10/2/13 9:54:01 AM,C,19.202
10/2/13 10:44:01 AM,C,20.704
10/2/13 11:34:01 AM,C,22.206
10/2/13 12:24:01 PM,C,23.707
10/2/13 1:14:01 PM,C,24.707
10/2/13 2:04:01 PM,C,26.207
10/2/13 2:54:01 PM,C,23.206
10/2/13 3:44:01 PM,C,24.207
10/2/13 4:34:01 PM,C,23.206
10/2/13 5:24:01 PM,C,21.205
10/2/13 6:14:01 PM,C,18.2
10/2/13 7:04:01 PM,C,17.198
10/2/13 7:54:01 PM,C,15.694
10/2/13 8:44:01 PM,C,15.192
10/2/13 9:34:01 PM,C,14.691
10/2/13 10:24:01 PM,C,14.189
10/2/13 11:14:01 PM,C,14.189
10/3/13 12:04:01 AM,C,14.189
10/3/13 12:54:01 AM,C,13.688
10/3/13 1:44:01 AM,C,13.688
10/3/13 2:34:01 AM,C,13.186
10/3/13 3:24:01 AM,C,13.688
10/3/13 4:14:01 AM,C,14.189
10/3/13 5:04:01 AM,C,13.688
10/3/13 5:54:01 AM,C,13.186
10/3/13 6:44:01 AM,C,13.688
10/3/13 7:34:01 AM,C,12.182
10/3/13 8:24:01 AM,C,12.684
10/3/13 9:14:01 AM,C,16.195
10/3/13 10:04:01 AM,C,19.703
10/3/13 10:54:01 AM,C,19.703
10/3/13 11:44:01 AM,C,23.206
10/3/13 12:34:01 PM,C,24.207
10/3/13 1:24:01 PM,C,24.207
10/3/13 2:14:01 PM,C,24.207
10/3/13 3:04:01 PM,C,23.707
10/3/13 3:54:01 PM,C,23.206
10/3/13 4:44:01 PM,C,23.206
10/3/13 5:34:01 PM,C,22.206
10/3/13 6:24:01 PM,C,20.203
10/3/13 7:14:01 PM,C,18.2
10/3/13 8:04:01 PM,C,16.697
10/3/13 8:54:01 PM,C,15.694
10/3/13 9:44:01 PM,C,16.195
10/3/13 10:34:01 PM,C,15.192
10/3/13 11:24:01 PM,C,16.195
10/4/13 12:14:01 AM,C,15.694
10/4/13 1:04:01 AM,C,15.694
10/4/13 1:54:01 AM,C,15.694
10/4/13 2:44:01 AM,C,14.691
10/4/13 3:34:01 AM,C,14.691
10/4/13 4:24:01 AM,C,13.688
10/4/13 5:14:01 AM,C,15.192
10/4/13 6:04:01 AM,C,15.694
10/4/13 6:54:01 AM,C,14.691
10/4/13 7:44:01 AM,C,14.189
10/4/13 8:34:01 AM,C,14.691
10/4/13 9:24:01 AM,C,18.701
10/4/13 10:14:01 AM,C,20.203
10/4/13 11:04:01 AM,C,21.205
10/4/13 11:54:01 AM,C,23.206
10/4/13 12:44:01 PM,C,26.207
10/4/13 1:34:01 PM,C,24.707
10/4/13 2:24:01 PM,C,25.207
10/4/13 3:14:01 PM,C,23.206
10/4/13 4:04:01 PM,C,23.206
10/4/13 4:54:01 PM,C,22.206
10/4/13 5:44:01 PM,C,20.203
10/4/13 6:34:01 PM,C,17.198
10/4/13 7:24:01 PM,C,16.697
10/4/13 8:14:01 PM,C,15.192
10/4/13 9:04:01 PM,C,14.189
10/4/13 9:54:01 PM,C,14.189
10/4/13 10:44:01 PM,C,13.688
10/4/13 11:34:01 PM,C,14.189
10/5/13 12:24:01 AM,C,13.688
10/5/13 1:14:01 AM,C,13.186
10/5/13 2:04:01 AM,C,12.684
10/5/13 2:54:01 AM,C,11.681
10/5/13 3:44:01 AM,C,11.681
10/5/13 4:34:01 AM,C,11.179
10/5/13 5:24:01 AM,C,10.676
10/5/13 6:14:01 AM,C,10.676
10/5/13 7:04:01 AM,C,9.17
10/5/13 7:54:01 AM,C,8.667
10/5/13 8:44:01 AM,C,8.667
10/5/13 9:34:01 AM,C,12.182
10/5/13 10:24:01 AM,C,13.186
10/5/13 11:14:01 AM,C,14.691
10/5/13 12:04:01 PM,C,18.701
10/5/13 12:54:01 PM,C,19.703
10/5/13 1:44:01 PM,C,20.704
10/5/13 2:34:01 PM,C,20.704
10/5/13 3:24:01 PM,C,19.703
10/5/13 4:14:01 PM,C,18.2
10/5/13 5:04:01 PM,C,16.195
10/5/13 5:54:01 PM,C,13.186
10/5/13 6:44:01 PM,C,11.179
10/5/13 7:34:01 PM,C,10.174
10/5/13 8:24:01 PM,C,8.667
10/5/13 9:14:01 PM,C,7.662
10/5/13 10:04:01 PM,C,9.17
10/5/13 10:54:01 PM,C,9.17
10/5/13 11:44:01 PM,C,7.662
10/6/13 12:34:01 AM,C,7.16
10/6/13 1:24:01 AM,C,6.657
10/6/13 2:14:01 AM,C,5.652
10/6/13 3:04:01 AM,C,5.652
10/6/13 3:54:01 AM,C,5.149
10/6/13 4:44:01 AM,C,5.652
10/6/13 5:34:01 AM,C,5.149
10/6/13 6:24:01 AM,C,5.652
10/6/13 7:14:01 AM,C,5.149
10/6/13 8:04:01 AM,C,5.149
10/6/13 8:54:01 AM,C,6.155
10/6/13 9:44:01 AM,C,11.179
10/6/13 10:34:01 AM,C,13.688
10/6/13 11:24:01 AM,C,13.688
10/6/13 12:14:01 PM,C,15.192
10/6/13 1:04:01 PM,C,16.697
10/6/13 1:54:01 PM,C,17.198
10/6/13 2:44:01 PM,C,16.195
10/6/13 3:34:01 PM,C,17.198
10/6/13 4:24:01 PM,C,16.697
10/6/13 5:14:01 PM,C,15.694
10/6/13 6:04:01 PM,C,11.681
10/6/13 6:54:01 PM,C,10.676
10/6/13 7:44:01 PM,C,10.174
10/6/13 8:34:01 PM,C,8.667
10/6/13 9:24:01 PM,C,8.165
10/6/13 10:14:01 PM,C,7.16
10/6/13 11:04:01 PM,C,6.657
10/6/13 11:54:01 PM,C,6.657
10/7/13 12:44:01 AM,C,6.657
10/7/13 1:34:01 AM,C,6.657
10/7/13 2:24:01 AM,C,7.16
10/7/13 3:14:01 AM,C,6.657
10/7/13 4:04:01 AM,C,6.155
10/7/13 4:54:01 AM,C,6.657
10/7/13 5:44:01 AM,C,7.16
10/7/13 6:34:01 AM,C,7.16
10/7/13 7:24:01 AM,C,7.662
10/7/13 8:14:01 AM,C,7.16
10/7/13 9:04:01 AM,C,8.667
10/7/13 9:54:01 AM,C,13.688
10/7/13 10:44:01 AM,C,15.192
10/7/13 11:34:01 AM,C,16.697
10/7/13 12:24:01 PM,C,18.2
10/7/13 1:14:01 PM,C,19.703
10/7/13 2:04:01 PM,C,20.203
10/7/13 2:54:01 PM,C,19.202
10/7/13 3:44:01 PM,C,19.703
10/7/13 4:34:01 PM,C,19.202
10/7/13 5:24:01 PM,C,17.198
10/7/13 6:14:01 PM,C,13.186
10/7/13 7:04:01 PM,C,11.681
10/7/13 7:54:01 PM,C,10.174
10/7/13 8:44:01 PM,C,10.676
10/7/13 9:34:01 PM,C,13.688
10/7/13 10:24:01 PM,C,13.186
10/7/13 11:14:01 PM,C,10.174
10/8/13 12:04:01 AM,C,8.667
10/8/13 12:54:01 AM,C,7.662
10/8/13 1:44:01 AM,C,10.676
10/8/13 2:34:01 AM,C,10.174
10/8/13 3:24:01 AM,C,12.684
10/8/13 4:14:01 AM,C,13.186
10/8/13 5:04:01 AM,C,12.182
10/8/13 5:54:01 AM,C,11.681
10/8/13 6:44:01 AM,C,12.182
10/8/13 7:34:01 AM,C,12.182
10/8/13 8:24:01 AM,C,12.684
10/8/13 9:14:01 AM,C,13.688
10/8/13 10:04:01 AM,C,16.697
10/8/13 10:54:01 AM,C,17.198
10/8/13 11:44:01 AM,C,18.2
10/8/13 12:34:01 PM,C,21.705
10/8/13 1:24:01 PM,C,21.705
10/8/13 2:14:01 PM,C,20.704
10/8/13 3:04:01 PM,C,21.205
10/8/13 3:54:01 PM,C,22.206
10/8/13 4:44:01 PM,C,20.704
10/8/13 5:34:01 PM,C,17.198
10/8/13 6:24:01 PM,C,15.694
10/8/13 7:14:01 PM,C,14.189
10/8/13 8:04:01 PM,C,12.684
10/8/13 8:54:01 PM,C,14.189
10/8/13 9:44:01 PM,C,14.691
10/8/13 10:34:01 PM,C,14.189
10/8/13 11:24:01 PM,C,11.179
10/9/13 12:14:01 AM,C,11.179
10/9/13 1:04:01 AM,C,11.179
10/9/13 1:54:01 AM,C,10.676
10/9/13 2:44:01 AM,C,10.676
10/9/13 3:34:01 AM,C,11.179
10/9/13 4:24:01 AM,C,10.174
10/9/13 5:14:01 AM,C,9.672
10/9/13 6:04:01 AM,C,10.676
10/9/13 6:54:01 AM,C,10.676
10/9/13 7:44:01 AM,C,11.179
10/9/13 8:34:01 AM,C,11.179
10/9/13 9:24:01 AM,C,14.691
10/9/13 10:14:01 AM,C,17.699
10/9/13 11:04:01 AM,C,20.203
10/9/13 11:54:01 AM,C,21.705
10/9/13 12:44:01 PM,C,23.707
10/9/13 1:34:01 PM,C,22.206
10/9/13 2:24:01 PM,C,22.706
10/9/13 3:14:01 PM,C,22.206
10/9/13 4:04:01 PM,C,22.706
10/9/13 4:54:01 PM,C,21.205
10/9/13 5:44:01 PM,C,17.699
10/9/13 6:34:01 PM,C,16.195
10/9/13 7:24:01 PM,C,18.701
10/9/13 8:14:01 PM,C,16.195
10/9/13 9:04:01 PM,C,15.192
10/9/13 9:54:01 PM,C,16.195
10/9/13 10:44:01 PM,C,14.691
10/9/13 11:34:01 PM,C,16.697
10/10/13 12:24:01 AM,C,16.697
10/10/13 1:14:01 AM,C,15.694
10/10/13 2:04:01 AM,C,15.694
10/10/13 2:54:01 AM,C,15.694
10/10/13 3:44:01 AM,C,15.192
10/10/13 4:34:01 AM,C,14.691
10/10/13 5:24:01 AM,C,14.189
10/10/13 6:14:01 AM,C,13.186
10/10/13 7:04:01 AM,C,13.186
10/10/13 7:54:01 AM,C,12.684
10/10/13 8:44:01 AM,C,11.179
10/10/13 9:34:01 AM,C,16.195
10/10/13 10:24:01 AM,C,18.701
10/10/13 11:14:01 AM,C,18.701
10/10/13 12:04:01 PM,C,21.705
10/10/13 12:54:01 PM,C,22.706
10/10/13 1:44:01 PM,C,24.707
10/10/13 2:34:01 PM,C,23.707
10/10/13 3:24:01 PM,C,23.206
10/10/13 4:14:01 PM,C,22.206
10/10/13 5:04:01 PM,C,21.205
10/10/13 5:54:01 PM,C,19.202
10/10/13 6:44:01 PM,C,16.697
10/10/13 7:34:01 PM,C,15.694
10/10/13 8:24:01 PM,C,14.691
10/10/13 9:14:01 PM,C,13.688
10/10/13 10:04:01 PM,C,13.688
10/10/13 10:54:01 PM,C,13.186
10/10/13 11:44:01 PM,C,15.192
10/11/13 12:34:01 AM,C,11.681
10/11/13 1:24:01 AM,C,11.179
10/11/13 2:14:01 AM,C,11.179
10/11/13 3:04:01 AM,C,10.174
10/11/13 3:54:01 AM,C,10.174
10/11/13 4:44:01 AM,C,9.17
10/11/13 5:34:01 AM,C,9.17
10/11/13 6:24:01 AM,C,8.667
10/11/13 7:14:01 AM,C,9.17
10/11/13 8:04:01 AM,C,9.17
10/11/13 8:54:01 AM,C,9.672
10/11/13 9:44:01 AM,C,15.192
10/11/13 10:34:01 AM,C,15.192
10/11/13 11:24:01 AM,C,15.694
10/11/13 12:14:01 PM,C,18.2
10/11/13 1:04:01 PM,C,18.701
10/11/13 1:54:01 PM,C,20.704
10/11/13 2:44:01 PM,C,19.703
10/11/13 3:34:01 PM,C,18.701
10/11/13 4:24:01 PM,C,18.701
10/11/13 5:14:01 PM,C,17.198
10/11/13 6:04:01 PM,C,15.192
10/11/13 6:54:01 PM,C,13.688
10/11/13 7:44:01 PM,C,12.684
10/11/13 8:34:01 PM,C,11.681
10/11/13 9:24:01 PM,C,11.179
10/11/13 10:14:01 PM,C,11.179
10/11/13 11:04:01 PM,C,10.676
10/11/13 11:54:01 PM,C,11.179
10/12/13 12:44:01 AM,C,10.676
10/12/13 1:34:01 AM,C,10.676
10/12/13 2:24:01 AM,C,10.676
10/12/13 3:14:01 AM,C,10.174
10/12/13 4:04:01 AM,C,9.672
10/12/13 4:54:01 AM,C,9.672
10/12/13 5:44:01 AM,C,9.672
10/12/13 6:34:01 AM,C,9.17
10/12/13 7:24:01 AM,C,8.667
10/12/13 8:14:01 AM,C,8.165
10/12/13 9:04:01 AM,C,9.672
10/12/13 9:54:01 AM,C,14.189
10/12/13 10:44:01 AM,C,17.198
10/12/13 11:34:01 AM,C,17.699
10/12/13 12:24:01 PM,C,21.205
10/12/13 1:14:01 PM,C,21.205
10/12/13 2:04:01 PM,C,22.206
10/12/13 2:54:01 PM,C,20.203
10/12/13 3:44:01 PM,C,21.205
10/12/13 4:34:01 PM,C,20.203
10/12/13 5:24:01 PM,C,18.2
10/12/13 6:14:01 PM,C,17.198
10/12/13 7:04:01 PM,C,16.195
10/12/13 7:54:01 PM,C,15.694
10/12/13 8:44:01 PM,C,15.192
10/12/13 9:34:01 PM,C,14.189
10/12/13 10:24:01 PM,C,14.189
10/12/13 11:14:01 PM,C,13.688
10/13/13 12:04:01 AM,C,13.688
10/13/13 12:54:01 AM,C,13.186
10/13/13 1:44:01 AM,C,14.691
10/13/13 2:34:01 AM,C,14.691
10/13/13 3:24:01 AM,C,15.192
10/13/13 4:14:01 AM,C,15.192
10/13/13 5:04:01 AM,C,14.691
10/13/13 5:54:01 AM,C,14.189
10/13/13 6:44:01 AM,C,14.189
10/13/13 7:34:01 AM,C,13.688
10/13/13 8:24:01 AM,C,13.688
10/13/13 9:14:01 AM,C,14.189
10/13/13 10:04:01 AM,C,14.691
10/13/13 10:54:01 AM,C,16.195
10/13/13 11:44:01 AM,C,15.694
10/13/13 12:34:01 PM,C,16.195
10/13/13 1:24:01 PM,C,17.699
10/13/13 2:14:01 PM,C,17.699
10/13/13 3:04:01 PM,C,18.701
10/13/13 3:54:01 PM,C,16.697
10/13/13 4:44:01 PM,C,16.697
10/13/13 5:34:01 PM,C,15.694
10/13/13 6:24:01 PM,C,15.694
10/13/13 7:14:01 PM,C,15.694
10/13/13 8:04:01 PM,C,14.189
10/13/13 8:54:01 PM,C,13.688
10/13/13 9:44:01 PM,C,13.688
10/13/13 10:34:01 PM,C,14.189
10/13/13 11:24:01 PM,C,14.189
10/14/13 12:14:01 AM,C,14.189
10/14/13 1:04:01 AM,C,14.189
10/14/13 1:54:01 AM,C,14.189
10/14/13 2:44:01 AM,C,14.189
10/14/13 3:34:01 AM,C,13.688
10/14/13 4:24:01 AM,C,13.688
10/14/13 5:14:01 AM,C,13.688
10/14/13 6:04:01 AM,C,13.186
10/14/13 6:54:01 AM,C,12.684
10/14/13 7:44:01 AM,C,12.684
10/14/13 8:34:01 AM,C,13.688
10/14/13 9:24:01 AM,C,14.189
10/14/13 10:14:01 AM,C,15.192
10/14/13 11:04:01 AM,C,15.694
10/14/13 11:54:01 AM,C,16.195
10/14/13 12:44:01 PM,C,18.701
10/14/13 1:34:01 PM,C,19.703
10/14/13 2:24:01 PM,C,18.701
10/14/13 3:14:01 PM,C,17.699
10/14/13 4:04:01 PM,C,18.701
10/14/13 4:54:01 PM,C,18.2
10/14/13 5:44:01 PM,C,17.198
10/14/13 6:34:01 PM,C,14.691
10/14/13 7:24:01 PM,C,13.688
10/14/13 8:14:01 PM,C,13.186
10/14/13 9:04:01 PM,C,13.688
10/14/13 9:54:01 PM,C,13.186
10/14/13 10:44:01 PM,C,13.186
10/14/13 11:34:01 PM,C,14.189
10/15/13 12:24:01 AM,C,14.189
10/15/13 1:14:01 AM,C,12.684
10/15/13 2:04:01 AM,C,11.681
10/15/13 2:54:01 AM,C,11.179
10/15/13 3:44:01 AM,C,10.676
10/15/13 4:34:01 AM,C,10.676
10/15/13 5:24:01 AM,C,10.174
10/15/13 6:14:01 AM,C,9.672
10/15/13 7:04:01 AM,C,9.672
10/15/13 7:54:01 AM,C,9.672
10/15/13 8:44:01 AM,C,9.672
10/15/13 9:34:01 AM,C,9.672
10/15/13 10:24:01 AM,C,10.174
10/15/13 11:14:01 AM,C,11.179
10/15/13 12:04:01 PM,C,11.179
10/15/13 12:54:01 PM,C,10.174
10/15/13 1:44:01 PM,C,10.174
10/15/13 2:34:01 PM,C,10.174
10/15/13 3:24:01 PM,C,10.174
10/15/13 4:14:01 PM,C,10.676
10/15/13 5:04:01 PM,C,10.174
10/15/13 5:54:01 PM,C,10.174
10/15/13 6:44:01 PM,C,10.174
10/15/13 7:34:01 PM,C,10.174
10/15/13 8:24:01 PM,C,9.672
10/15/13 9:14:01 PM,C,9.672
10/15/13 10:04:01 PM,C,9.17
10/15/13 10:54:01 PM,C,9.672
10/15/13 11:44:01 PM,C,9.672
10/16/13 12:34:01 AM,C,9.672
10/16/13 1:24:01 AM,C,9.672
10/16/13 2:14:01 AM,C,9.672
10/16/13 3:04:01 AM,C,9.672
10/16/13 3:54:01 AM,C,9.672
10/16/13 4:44:01 AM,C,9.17
10/16/13 5:34:01 AM,C,9.17
10/16/13 6:24:01 AM,C,9.17
10/16/13 7:14:01 AM,C,10.676
10/16/13 8:04:01 AM,C,10.676
10/16/13 8:54:01 AM,C,9.672
10/16/13 9:44:01 AM,C,12.182
10/16/13 10:34:01 AM,C,13.688
10/16/13 11:24:01 AM,C,12.684
10/16/13 12:14:01 PM,C,12.684
10/16/13 1:04:01 PM,C,13.186
10/16/13 1:54:01 PM,C,12.684
10/16/13 2:44:01 PM,C,13.186
10/16/13 3:34:01 PM,C,13.688
10/16/13 4:24:01 PM,C,14.189
10/16/13 5:14:01 PM,C,12.684
10/16/13 6:04:01 PM,C,11.681
10/16/13 6:54:01 PM,C,11.681
10/16/13 7:44:01 PM,C,9.17
10/16/13 8:34:01 PM,C,10.174
10/16/13 9:24:01 PM,C,9.672
10/16/13 10:14:01 PM,C,8.667
10/16/13 11:04:01 PM,C,9.17
10/16/13 11:54:01 PM,C,8.165
10/17/13 12:44:01 AM,C,7.662
10/17/13 1:34:01 AM,C,7.662
10/17/13 2:24:01 AM,C,7.662
10/17/13 3:14:01 AM,C,7.662
10/17/13 4:04:01 AM,C,7.16
10/17/13 4:54:01 AM,C,8.667
10/17/13 5:44:01 AM,C,7.662
10/17/13 6:34:01 AM,C,6.657
10/17/13 7:24:01 AM,C,7.16
10/17/13 8:14:01 AM,C,7.16
10/17/13 9:04:01 AM,C,9.672
10/17/13 9:54:01 AM,C,12.684
10/17/13 10:44:01 AM,C,15.192
10/17/13 11:34:01 AM,C,13.688
10/17/13 12:24:01 PM,C,17.198
10/17/13 1:14:01 PM,C,17.699
10/17/13 2:04:01 PM,C,18.2
10/17/13 2:54:01 PM,C,16.697
10/17/13 3:44:01 PM,C,16.195
10/17/13 4:34:01 PM,C,15.694
10/17/13 5:24:01 PM,C,15.192
10/17/13 6:14:01 PM,C,13.186
10/17/13 7:04:01 PM,C,12.182
10/17/13 7:54:01 PM,C,10.676
10/17/13 8:44:01 PM,C,10.676
10/17/13 9:34:01 PM,C,10.174
10/17/13 10:24:01 PM,C,11.681
10/17/13 11:14:01 PM,C,11.681
10/18/13 12:04:01 AM,C,11.179
10/18/13 12:54:01 AM,C,8.667
10/18/13 1:44:01 AM,C,11.681
10/18/13 2:34:01 AM,C,11.681
10/18/13 3:24:01 AM,C,11.681
10/18/13 4:14:01 AM,C,10.174
10/18/13 5:04:01 AM,C,9.17
10/18/13 5:54:01 AM,C,9.17
10/18/13 6:44:01 AM,C,8.667
10/18/13 7:34:01 AM,C,9.672
10/18/13 8:24:01 AM,C,9.672
10/18/13 9:14:01 AM,C,10.174
10/18/13 10:04:01 AM,C,13.688
10/18/13 10:54:01 AM,C,15.192
10/18/13 11:44:01 AM,C,17.198
10/18/13 12:34:01 PM,C,18.2
10/18/13 1:24:01 PM,C,17.198
10/18/13 2:14:01 PM,C,18.701
10/18/13 3:04:01 PM,C,16.697
10/18/13 3:54:01 PM,C,17.699
10/18/13 4:44:01 PM,C,14.691
10/18/13 5:34:01 PM,C,11.681
10/18/13 6:24:01 PM,C,10.174
10/18/13 7:14:01 PM,C,9.17
10/18/13 8:04:01 PM,C,8.165
10/18/13 8:54:01 PM,C,7.662
10/18/13 9:44:01 PM,C,8.667
10/18/13 10:34:01 PM,C,6.155
10/18/13 11:24:01 PM,C,3.137
10/19/13 12:14:01 AM,C,2.13
10/19/13 1:04:01 AM,C,3.137
10/19/13 1:54:01 AM,C,4.143
10/19/13 2:44:01 AM,C,4.143
10/19/13 3:34:01 AM,C,4.143
10/19/13 4:24:01 AM,C,2.633
10/19/13 5:14:01 AM,C,1.627
10/19/13 6:04:01 AM,C,4.143
10/19/13 6:54:01 AM,C,4.143
10/19/13 7:44:01 AM,C,3.137
10/19/13 8:34:01 AM,C,3.137
10/19/13 9:24:01 AM,C,5.652
10/19/13 10:14:01 AM,C,9.672
10/19/13 11:04:01 AM,C,9.17
10/19/13 11:54:01 AM,C,13.186
10/19/13 12:44:01 PM,C,15.694
10/19/13 1:34:01 PM,C,16.195
10/19/13 2:24:01 PM,C,17.699
10/19/13 3:14:01 PM,C,15.694
10/19/13 4:04:01 PM,C,15.694
10/19/13 4:54:01 PM,C,14.189
10/19/13 5:44:01 PM,C,11.179
10/19/13 6:34:01 PM,C,9.672
10/19/13 7:24:01 PM,C,8.667
10/19/13 8:14:01 PM,C,8.165
10/19/13 9:04:01 PM,C,9.17
10/19/13 9:54:01 PM,C,9.672
10/19/13 10:44:01 PM,C,9.672
10/19/13 11:34:01 PM,C,6.657
10/20/13 12:24:01 AM,C,6.657
10/20/13 1:14:01 AM,C,7.662
10/20/13 2:04:01 AM,C,10.174
10/20/13 2:54:01 AM,C,10.676
10/20/13 3:44:01 AM,C,10.676
10/20/13 4:34:01 AM,C,10.174
10/20/13 5:24:01 AM,C,10.676
10/20/13 6:14:01 AM,C,10.174
10/20/13 7:04:01 AM,C,10.174
10/20/13 7:54:01 AM,C,9.672
10/20/13 8:44:01 AM,C,10.174
10/20/13 9:34:01 AM,C,12.182
10/20/13 10:24:01 AM,C,13.186
10/20/13 11:14:01 AM,C,14.189
10/20/13 12:04:01 PM,C,17.198
10/20/13 12:54:01 PM,C,16.195
10/20/13 1:44:01 PM,C,18.2
10/20/13 2:34:01 PM,C,17.198
10/20/13 3:24:01 PM,C,16.195
10/20/13 4:14:01 PM,C,15.192
10/20/13 5:04:01 PM,C,14.189
10/20/13 5:54:01 PM,C,13.186
10/20/13 6:44:01 PM,C,11.179
10/20/13 7:34:01 PM,C,11.179
10/20/13 8:24:01 PM,C,11.179
10/20/13 9:14:01 PM,C,10.174
10/20/13 10:04:01 PM,C,8.165
10/20/13 10:54:01 PM,C,7.662
10/20/13 11:44:01 PM,C,7.16
10/21/13 12:34:01 AM,C,7.16
10/21/13 1:24:01 AM,C,7.662
10/21/13 2:14:01 AM,C,7.16
10/21/13 3:04:01 AM,C,7.16
10/21/13 3:54:01 AM,C,7.16
10/21/13 4:44:01 AM,C,7.16
10/21/13 5:34:01 AM,C,6.657
10/21/13 6:24:01 AM,C,8.165
10/21/13 7:14:01 AM,C,6.155
10/21/13 8:04:01 AM,C,5.149
10/21/13 8:54:01 AM,C,5.652
10/21/13 9:44:01 AM,C,11.681
10/21/13 10:34:01 AM,C,14.189
10/21/13 11:24:01 AM,C,13.688
10/21/13 12:14:01 PM,C,15.192
10/21/13 1:04:01 PM,C,15.694
10/21/13 1:54:01 PM,C,16.195
10/21/13 2:44:01 PM,C,14.691
10/21/13 3:34:01 PM,C,14.189
10/21/13 4:24:01 PM,C,13.186
10/21/13 5:14:01 PM,C,11.179
10/21/13 6:04:01 PM,C,8.667
10/21/13 6:54:01 PM,C,7.662
10/21/13 7:44:01 PM,C,5.652
10/21/13 8:34:01 PM,C,4.646
10/21/13 9:24:01 PM,C,4.646
10/21/13 10:14:01 PM,C,4.646
10/21/13 11:04:01 PM,C,4.143
10/21/13 11:54:01 PM,C,3.64
10/22/13 12:44:01 AM,C,4.143
10/22/13 1:34:01 AM,C,3.64
10/22/13 2:24:01 AM,C,3.64
10/22/13 3:14:01 AM,C,2.633
10/22/13 4:04:01 AM,C,2.633
10/22/13 4:54:01 AM,C,2.633
10/22/13 5:44:01 AM,C,3.64
10/22/13 6:34:01 AM,C,4.143
10/22/13 7:24:01 AM,C,3.64
10/22/13 8:14:01 AM,C,4.143
10/22/13 9:04:01 AM,C,4.646
10/22/13 9:54:01 AM,C,8.667
10/22/13 10:44:01 AM,C,12.684
10/22/13 11:34:01 AM,C,11.681
10/22/13 12:24:01 PM,C,13.688
10/22/13 1:14:01 PM,C,15.192
10/22/13 2:04:01 PM,C,17.198
10/22/13 2:54:01 PM,C,15.192
10/22/13 3:44:01 PM,C,15.694
10/22/13 4:34:01 PM,C,14.189
10/22/13 5:24:01 PM,C,11.179
10/22/13 6:14:01 PM,C,9.672
10/22/13 7:04:01 PM,C,9.17
10/22/13 7:54:01 PM,C,7.662
10/22/13 8:44:01 PM,C,6.657
10/22/13 9:34:01 PM,C,6.657
10/22/13 10:24:01 PM,C,6.155
10/22/13 11:14:01 PM,C,5.652
10/23/13 12:04:01 AM,C,5.652
10/23/13 12:54:01 AM,C,5.149
10/23/13 1:44:01 AM,C,5.652
10/23/13 2:34:01 AM,C,5.652
10/23/13 3:24:01 AM,C,5.149
10/23/13 4:14:01 AM,C,4.646
10/23/13 5:04:01 AM,C,6.155
10/23/13 5:54:01 AM,C,5.149
10/23/13 6:44:01 AM,C,5.149
10/23/13 7:34:01 AM,C,6.155
10/23/13 8:24:01 AM,C,7.16
10/23/13 9:14:01 AM,C,8.165
10/23/13 10:04:01 AM,C,11.681
10/23/13 10:54:01 AM,C,16.195
10/23/13 11:44:01 AM,C,15.694
10/23/13 12:34:01 PM,C,16.697
10/23/13 1:24:01 PM,C,16.697
10/23/13 2:14:01 PM,C,17.699
10/23/13 3:04:01 PM,C,16.697
10/23/13 3:54:01 PM,C,17.699
10/23/13 4:44:01 PM,C,14.691
10/23/13 5:34:01 PM,C,11.681
10/23/13 6:24:01 PM,C,10.676
10/23/13 7:14:01 PM,C,9.672
10/23/13 8:04:01 PM,C,11.179
10/23/13 8:54:01 PM,C,12.182
10/23/13 9:44:01 PM,C,12.182
10/23/13 10:34:01 PM,C,11.681
10/23/13 11:24:01 PM,C,11.179
10/24/13 12:14:01 AM,C,9.672
10/24/13 1:04:01 AM,C,9.17
10/24/13 1:54:01 AM,C,9.672
10/24/13 2:44:01 AM,C,8.165
10/24/13 3:34:01 AM,C,8.165
10/24/13 4:24:01 AM,C,9.672
10/24/13 5:14:01 AM,C,9.672
10/24/13 6:04:01 AM,C,8.667
10/24/13 6:54:01 AM,C,8.165
10/24/13 7:44:01 AM,C,8.165
10/24/13 8:34:01 AM,C,9.17
10/24/13 9:24:01 AM,C,11.179
10/24/13 10:14:01 AM,C,12.684
10/24/13 11:04:01 AM,C,16.195
10/24/13 11:54:01 AM,C,19.202
10/24/13 12:44:01 PM,C,18.701
10/24/13 1:34:01 PM,C,19.202
10/24/13 2:24:01 PM,C,18.701
10/24/13 3:14:01 PM,C,18.701
10/24/13 4:04:01 PM,C,18.701
10/24/13 4:54:01 PM,C,17.699
10/24/13 5:44:01 PM,C,15.694
10/24/13 6:34:01 PM,C,14.189
10/24/13 7:24:01 PM,C,13.688
10/24/13 8:14:01 PM,C,10.676
10/24/13 9:04:01 PM,C,12.182
10/24/13 9:54:01 PM,C,12.684
10/24/13 10:44:01 PM,C,11.179
10/24/13 11:34:01 PM,C,9.672
10/25/13 12:24:01 AM,C,11.179
10/25/13 1:14:01 AM,C,10.676
10/25/13 2:04:01 AM,C,9.672
10/25/13 2:54:01 AM,C,9.672
10/25/13 3:44:01 AM,C,8.667
10/25/13 4:34:01 AM,C,9.17
10/25/13 5:24:01 AM,C,8.667
10/25/13 6:14:01 AM,C,9.17
10/25/13 7:04:01 AM,C,9.17
10/25/13 7:54:01 AM,C,9.17
10/25/13 8:44:01 AM,C,9.672
10/25/13 9:34:01 AM,C,12.684
10/25/13 10:24:01 AM,C,14.691
10/25/13 11:14:01 AM,C,13.688
10/25/13 12:04:01 PM,C,16.697
10/25/13 12:54:01 PM,C,16.195
10/25/13 1:44:01 PM,C,16.195
10/25/13 2:34:01 PM,C,15.694
10/25/13 3:24:01 PM,C,14.189
10/25/13 4:14:01 PM,C,13.688
10/25/13 5:04:01 PM,C,13.688
10/25/13 5:54:01 PM,C,12.182
10/25/13 6:44:01 PM,C,12.182
10/25/13 7:34:01 PM,C,11.179
10/25/13 8:24:01 PM,C,10.174
10/25/13 9:14:01 PM,C,7.662
10/25/13 10:04:01 PM,C,9.672
10/25/13 10:54:01 PM,C,11.681
10/25/13 11:44:01 PM,C,11.681
10/26/13 12:34:01 AM,C,11.681
10/26/13 1:24:01 AM,C,11.681
10/26/13 2:14:01 AM,C,11.179
10/26/13 3:04:01 AM,C,11.179
10/26/13 3:54:01 AM,C,11.179
10/26/13 4:44:01 AM,C,11.179
10/26/13 5:34:01 AM,C,10.676
10/26/13 6:24:01 AM,C,10.174
10/26/13 7:14:01 AM,C,10.174
10/26/13 8:04:01 AM,C,11.179
10/26/13 8:54:01 AM,C,12.182
10/26/13 9:44:01 AM,C,14.189
10/26/13 10:34:01 AM,C,17.198
10/26/13 11:24:01 AM,C,17.198
10/26/13 12:14:01 PM,C,20.203
10/26/13 1:04:01 PM,C,20.203
10/26/13 1:54:01 PM,C,19.703
10/26/13 2:44:01 PM,C,18.2
10/26/13 3:34:01 PM,C,18.701
10/26/13 4:24:01 PM,C,16.697
10/26/13 5:14:01 PM,C,15.192
10/26/13 6:04:01 PM,C,13.688
10/26/13 6:54:01 PM,C,12.182
10/26/13 7:44:01 PM,C,10.174
10/26/13 8:34:01 PM,C,10.174
10/26/13 9:24:01 PM,C,9.672
10/26/13 10:14:01 PM,C,9.17
10/26/13 11:04:01 PM,C,8.667
10/26/13 11:54:01 PM,C,8.667
10/27/13 12:44:01 AM,C,7.16
10/27/13 1:34:01 AM,C,6.155
10/27/13 2:24:01 AM,C,6.155
10/27/13 3:14:01 AM,C,6.155
10/27/13 4:04:01 AM,C,6.155
10/27/13 4:54:01 AM,C,5.652
10/27/13 5:44:01 AM,C,5.149
10/27/13 6:34:01 AM,C,5.149
10/27/13 7:24:01 AM,C,5.149
10/27/13 8:14:01 AM,C,5.149
10/27/13 9:04:01 AM,C,7.16
10/27/13 9:54:01 AM,C,10.676
10/27/13 10:44:01 AM,C,16.697
10/27/13 11:34:01 AM,C,15.694
10/27/13 12:24:01 PM,C,17.198
10/27/13 1:14:01 PM,C,17.198
10/27/13 2:04:01 PM,C,17.699
10/27/13 2:54:01 PM,C,16.697
10/27/13 3:44:01 PM,C,17.198
10/27/13 4:34:01 PM,C,16.195
10/27/13 5:24:01 PM,C,13.688
10/27/13 6:14:01 PM,C,12.684
10/27/13 7:04:01 PM,C,11.681
10/27/13 7:54:01 PM,C,10.676
10/27/13 8:44:01 PM,C,11.681
10/27/13 9:34:01 PM,C,12.182
10/27/13 10:24:01 PM,C,10.174
10/27/13 11:14:01 PM,C,9.672
10/28/13 12:04:01 AM,C,10.174
10/28/13 12:54:01 AM,C,12.182
10/28/13 1:44:01 AM,C,12.684
10/28/13 2:34:01 AM,C,12.684
10/28/13 3:24:01 AM,C,12.182
10/28/13 4:14:01 AM,C,12.182
10/28/13 5:04:01 AM,C,11.681
10/28/13 5:54:01 AM,C,10.174
10/28/13 6:44:01 AM,C,10.174
10/28/13 7:34:01 AM,C,9.672
10/28/13 8:24:01 AM,C,9.672
10/28/13 9:14:01 AM,C,10.676
10/28/13 10:04:01 AM,C,13.186
10/28/13 10:54:01 AM,C,16.195
10/28/13 11:44:01 AM,C,16.697
10/28/13 12:34:01 PM,C,17.699
10/28/13 1:24:01 PM,C,18.2
10/28/13 2:14:01 PM,C,18.2
10/28/13 3:04:01 PM,C,17.699
10/28/13 3:54:01 PM,C,18.701
10/28/13 4:44:01 PM,C,17.699
10/28/13 5:34:01 PM,C,16.697
10/28/13 6:24:01 PM,C,15.192
10/28/13 7:14:01 PM,C,12.182
10/28/13 8:04:01 PM,C,10.676
10/28/13 8:54:01 PM,C,13.186
10/28/13 9:44:01 PM,C,15.192
10/28/13 10:34:01 PM,C,13.186
10/28/13 11:24:01 PM,C,14.189
10/29/13 12:14:01 AM,C,13.688
10/29/13 1:04:01 AM,C,10.174
10/29/13 1:54:01 AM,C,11.179
10/29/13 2:44:01 AM,C,10.676
10/29/13 3:34:01 AM,C,10.676
10/29/13 4:24:01 AM,C,12.182
10/29/13 5:14:01 AM,C,13.186
10/29/13 6:04:01 AM,C,13.186
10/29/13 6:54:01 AM,C,11.681
10/29/13 7:44:01 AM,C,10.676
10/29/13 8:34:01 AM,C,12.684
10/29/13 9:24:01 AM,C,12.684
10/29/13 10:14:01 AM,C,15.694
10/29/13 11:04:01 AM,C,17.198
10/29/13 11:54:01 AM,C,18.2
10/29/13 12:44:01 PM,C,18.701
10/29/13 1:34:01 PM,C,19.202
10/29/13 2:24:01 PM,C,18.701
10/29/13 3:14:01 PM,C,19.202
10/29/13 4:04:01 PM,C,18.701
10/29/13 4:54:01 PM,C,19.202
10/29/13 5:44:01 PM,C,17.198
10/29/13 6:34:01 PM,C,14.691
10/29/13 7:24:01 PM,C,13.186
10/29/13 8:14:01 PM,C,12.182
10/29/13 9:04:01 PM,C,11.179
10/29/13 9:54:01 PM,C,11.179
10/29/13 10:44:01 PM,C,14.189
10/29/13 11:34:01 PM,C,14.691
10/30/13 12:24:01 AM,C,14.189
10/30/13 1:14:01 AM,C,13.186
10/30/13 2:04:01 AM,C,13.688
10/30/13 2:54:01 AM,C,12.684
10/30/13 3:44:01 AM,C,12.182
10/30/13 4:34:01 AM,C,13.186
10/30/13 5:24:01 AM,C,13.688
10/30/13 6:14:01 AM,C,14.189
10/30/13 7:04:01 AM,C,11.179
10/30/13 7:54:01 AM,C,11.179
10/30/13 8:44:01 AM,C,13.688
10/30/13 9:34:01 AM,C,13.186
10/30/13 10:24:01 AM,C,14.691
10/30/13 11:14:01 AM,C,14.189
10/30/13 12:04:01 PM,C,14.189
10/30/13 12:54:01 PM,C,15.192
10/30/13 1:44:01 PM,C,15.694
10/30/13 2:34:01 PM,C,14.691
10/30/13 3:24:01 PM,C,11.681
10/30/13 4:14:01 PM,C,11.681
10/30/13 5:04:01 PM,C,11.681
10/30/13 5:54:01 PM,C,10.174
10/30/13 6:44:01 PM,C,9.672
10/30/13 7:34:01 PM,C,10.174
10/30/13 8:24:01 PM,C,10.174
10/30/13 9:14:01 PM,C,10.174
10/30/13 10:04:01 PM,C,9.672
10/30/13 10:54:01 PM,C,9.672
10/30/13 11:44:01 PM,C,10.174
10/31/13 12:34:01 AM,C,10.174
10/31/13 1:24:01 AM,C,9.672
10/31/13 2:14:01 AM,C,9.672
10/31/13 3:04:01 AM,C,8.667
10/31/13 3:54:01 AM,C,8.667
10/31/13 4:44:01 AM,C,7.16
10/31/13 5:34:01 AM,C,7.16
10/31/13 6:24:01 AM,C,6.657
10/31/13 7:14:01 AM,C,5.652
10/31/13 8:04:01 AM,C,5.652
10/31/13 8:54:01 AM,C,4.646
10/31/13 9:44:01 AM,C,5.652
10/31/13 10:34:01 AM,C,9.672
10/31/13 11:24:01 AM,C,10.676
10/31/13 12:14:01 PM,C,13.688
10/31/13 1:04:01 PM,C,12.182
10/31/13 1:54:01 PM,C,13.688
10/31/13 2:44:01 PM,C,11.179
10/31/13 3:34:01 PM,C,11.179
10/31/13 4:24:01 PM,C,9.672
10/31/13 5:14:01 PM,C,9.672
10/31/13 6:04:01 PM,C,9.672
10/31/13 6:54:01 PM,C,9.17
10/31/13 7:44:01 PM,C,9.17
10/31/13 8:34:01 PM,C,9.672
10/31/13 9:24:01 PM,C,9.672
10/31/13 10:14:01 PM,C,9.672
10/31/13 11:04:01 PM,C,9.672
10/31/13 11:54:01 PM,C,9.672
11/1/13 12:44:01 AM,C,9.672
11/1/13 1:34:01 AM,C,9.17
11/1/13 2:24:01 AM,C,9.17
11/1/13 3:14:01 AM,C,8.667
11/1/13 4:04:01 AM,C,8.165
11/1/13 4:54:01 AM,C,7.16
11/1/13 5:44:01 AM,C,6.657
11/1/13 6:34:01 AM,C,6.155
11/1/13 7:24:01 AM,C,7.16
11/1/13 8:14:01 AM,C,6.155
11/1/13 9:04:01 AM,C,4.143
11/1/13 9:54:01 AM,C,7.662
11/1/13 10:44:01 AM,C,11.179
11/1/13 11:34:01 AM,C,11.179
11/1/13 12:24:01 PM,C,13.186
11/1/13 1:14:01 PM,C,13.688
11/1/13 2:04:01 PM,C,13.186
11/1/13 2:54:01 PM,C,12.182
11/1/13 3:44:01 PM,C,12.182
11/1/13 4:34:01 PM,C,10.676
11/1/13 5:24:01 PM,C,8.667
11/1/13 6:14:01 PM,C,7.662
11/1/13 7:04:01 PM,C,6.155
11/1/13 7:54:01 PM,C,4.646
11/1/13 8:44:01 PM,C,4.646
11/1/13 9:34:01 PM,C,4.646
11/1/13 10:24:01 PM,C,4.143
11/1/13 11:14:01 PM,C,4.143
11/2/13 12:04:01 AM,C,3.64
11/2/13 12:54:01 AM,C,3.64
11/2/13 1:44:01 AM,C,3.64
11/2/13 2:34:01 AM,C,3.64
11/2/13 3:24:01 AM,C,3.137
11/2/13 4:14:01 AM,C,2.633
11/2/13 5:04:01 AM,C,2.633
11/2/13 5:54:01 AM,C,2.633
11/2/13 6:44:01 AM,C,2.13
11/2/13 7:34:01 AM,C,2.13
11/2/13 8:24:01 AM,C,2.633
11/2/13 9:14:01 AM,C,2.633
11/2/13 10:04:01 AM,C,7.662
11/2/13 10:54:01 AM,C,10.676
11/2/13 11:44:01 AM,C,12.182
11/2/13 12:34:01 PM,C,12.182
11/2/13 1:24:01 PM,C,12.684
11/2/13 2:14:01 PM,C,12.684
11/2/13 3:04:01 PM,C,12.182
11/2/13 3:54:01 PM,C,13.186
11/2/13 4:44:01 PM,C,11.681
11/2/13 5:34:01 PM,C,10.676
11/2/13 6:24:01 PM,C,8.165
11/2/13 7:14:01 PM,C,9.672
11/2/13 8:04:01 PM,C,9.17
11/2/13 8:54:01 PM,C,7.662
11/2/13 9:44:01 PM,C,7.16
11/2/13 10:34:01 PM,C,8.667
11/2/13 11:24:01 PM,C,9.672
11/3/13 12:14:01 AM,C,9.17
11/3/13 1:04:01 AM,C,9.17
11/3/13 1:54:01 AM,C,8.667
11/3/13 1:44:01 AM,C,8.165
11/3/13 2:34:01 AM,C,7.662
11/3/13 3:24:01 AM,C,8.165
11/3/13 4:14:01 AM,C,9.17
11/3/13 5:04:01 AM,C,9.17
11/3/13 5:54:01 AM,C,9.672
11/3/13 6:44:01 AM,C,9.672
11/3/13 7:34:01 AM,C,6.657
11/3/13 8:24:01 AM,C,6.155
11/3/13 9:14:01 AM,C,8.667
11/3/13 10:04:01 AM,C,8.667
11/3/13 10:54:01 AM,C,8.165
11/3/13 11:44:01 AM,C,9.672
11/3/13 12:34:01 PM,C,9.672
11/3/13 1:24:01 PM,C,8.165
11/3/13 2:14:01 PM,C,8.667
11/3/13 3:04:01 PM,C,11.681
11/3/13 3:54:01 PM,C,9.672
11/3/13 4:44:01 PM,C,11.179
11/3/13 5:34:01 PM,C,9.672
11/3/13 6:24:01 PM,C,10.174
11/3/13 7:14:01 PM,C,10.174
11/3/13 8:04:01 PM,C,9.17
11/3/13 8:54:01 PM,C,8.667
11/3/13 9:44:01 PM,C,8.165
11/3/13 10:34:01 PM,C,8.667
11/3/13 11:24:01 PM,C,8.667
11/4/13 12:14:01 AM,C,8.667
11/4/13 1:04:01 AM,C,9.17
11/4/13 1:54:01 AM,C,8.667
11/4/13 2:44:01 AM,C,9.17
11/4/13 3:34:01 AM,C,9.17
11/4/13 4:24:01 AM,C,8.165
11/4/13 5:14:01 AM,C,8.165
11/4/13 6:04:01 AM,C,8.165
11/4/13 6:54:01 AM,C,9.672
11/4/13 7:44:01 AM,C,8.667
11/4/13 8:34:01 AM,C,8.165
11/4/13 9:24:01 AM,C,13.186
11/4/13 10:14:01 AM,C,12.182
11/4/13 11:04:01 AM,C,10.174
11/4/13 11:54:01 AM,C,10.174
11/4/13 12:44:01 PM,C,11.681
11/4/13 1:34:01 PM,C,10.676
11/4/13 2:24:01 PM,C,10.676
11/4/13 3:14:01 PM,C,10.174
11/4/13 4:04:01 PM,C,10.174
11/4/13 4:54:01 PM,C,10.676
11/4/13 5:44:01 PM,C,10.174
11/4/13 6:34:01 PM,C,9.672
11/4/13 7:24:01 PM,C,9.17
11/4/13 8:14:01 PM,C,8.667
11/4/13 9:04:01 PM,C,8.165
11/4/13 9:54:01 PM,C,7.662
11/4/13 10:44:01 PM,C,8.667
11/4/13 11:34:01 PM,C,7.662
11/5/13 12:24:01 AM,C,7.662
11/5/13 1:14:01 AM,C,8.165
11/5/13 2:04:01 AM,C,8.165
11/5/13 2:54:01 AM,C,8.667
11/5/13 3:44:01 AM,C,9.17
11/5/13 4:34:01 AM,C,9.17
11/5/13 5:24:01 AM,C,9.17
11/5/13 6:14:01 AM,C,9.17
11/5/13 7:04:01 AM,C,8.667
11/5/13 7:54:01 AM,C,8.667
11/5/13 8:44:01 AM,C,8.667
11/5/13 9:34:01 AM,C,9.17
11/5/13 10:24:01 AM,C,10.174
11/5/13 11:14:01 AM,C,11.179
11/5/13 12:04:01 PM,C,12.684
11/5/13 12:54:01 PM,C,14.189
11/5/13 1:44:01 PM,C,13.186
11/5/13 2:34:01 PM,C,13.186
11/5/13 3:24:01 PM,C,13.186
11/5/13 4:14:01 PM,C,12.182
11/5/13 5:04:01 PM,C,11.681
11/5/13 5:54:01 PM,C,9.672
11/5/13 6:44:01 PM,C,8.165
11/5/13 7:34:01 PM,C,7.662
11/5/13 8:24:01 PM,C,7.16
11/5/13 9:14:01 PM,C,7.16
11/5/13 10:04:01 PM,C,6.657
11/5/13 10:54:01 PM,C,7.16
11/5/13 11:44:01 PM,C,7.662
11/6/13 12:34:01 AM,C,6.155
11/6/13 1:24:01 AM,C,6.155
11/6/13 2:14:01 AM,C,6.657
11/6/13 3:04:01 AM,C,6.155
11/6/13 3:54:01 AM,C,6.657
11/6/13 4:44:01 AM,C,4.143
11/6/13 5:34:01 AM,C,3.137
11/6/13 6:24:01 AM,C,2.633
11/6/13 7:14:01 AM,C,2.13
11/6/13 8:04:01 AM,C,2.13
11/6/13 8:54:01 AM,C,2.633
11/6/13 9:44:01 AM,C,7.16
11/6/13 10:34:01 AM,C,9.17
11/6/13 11:24:01 AM,C,10.676
11/6/13 12:14:01 PM,C,11.179
11/6/13 1:04:01 PM,C,11.179
11/6/13 1:54:01 PM,C,11.179
11/6/13 2:44:01 PM,C,10.676
11/6/13 3:34:01 PM,C,9.17
11/6/13 4:24:01 PM,C,8.165
11/6/13 5:14:01 PM,C,6.657
11/6/13 6:04:01 PM,C,4.646
11/6/13 6:54:01 PM,C,3.64
11/6/13 7:44:01 PM,C,3.137
11/6/13 8:34:01 PM,C,3.137
11/6/13 9:24:01 PM,C,3.137
11/6/13 10:14:01 PM,C,3.137
11/6/13 11:04:01 PM,C,3.137
11/6/13 11:54:01 PM,C,3.137
11/7/13 12:44:01 AM,C,3.137
11/7/13 1:34:01 AM,C,3.137
11/7/13 2:24:01 AM,C,3.137
11/7/13 3:14:01 AM,C,3.137
11/7/13 4:04:01 AM,C,3.64
11/7/13 4:54:01 AM,C,3.64
11/7/13 5:44:01 AM,C,4.646
11/7/13 6:34:01 AM,C,5.149
11/7/13 7:24:01 AM,C,4.646
11/7/13 8:14:01 AM,C,5.149
11/7/13 9:04:01 AM,C,6.657
11/7/13 9:54:01 AM,C,8.165
11/7/13 10:44:01 AM,C,9.672
11/7/13 11:34:01 AM,C,9.17
11/7/13 12:24:01 PM,C,11.179
11/7/13 1:14:01 PM,C,11.681
11/7/13 2:04:01 PM,C,11.179
11/7/13 2:54:01 PM,C,11.179
11/7/13 3:44:01 PM,C,10.676
11/7/13 4:34:01 PM,C,9.17
11/7/13 5:24:01 PM,C,8.165
11/7/13 6:14:01 PM,C,7.16
11/7/13 7:04:01 PM,C,6.657
11/7/13 7:54:01 PM,C,7.16
11/7/13 8:44:01 PM,C,7.16
11/7/13 9:34:01 PM,C,6.155
11/7/13 10:24:01 PM,C,8.165
11/7/13 11:14:01 PM,C,8.165
11/8/13 12:04:01 AM,C,7.16
11/8/13 12:54:01 AM,C,7.662
11/8/13 1:44:01 AM,C,7.662
11/8/13 2:34:01 AM,C,8.165
11/8/13 3:24:01 AM,C,7.662
11/8/13 4:14:01 AM,C,7.16
11/8/13 5:04:01 AM,C,7.662
11/8/13 5:54:01 AM,C,7.16
11/8/13 6:44:01 AM,C,7.16
11/8/13 7:34:01 AM,C,8.165
11/8/13 8:24:01 AM,C,8.165
11/8/13 9:14:01 AM,C,9.17
11/8/13 10:04:01 AM,C,7.662
11/8/13 10:54:01 AM,C,9.17
11/8/13 11:44:01 AM,C,8.667
11/8/13 12:34:01 PM,C,9.672
11/8/13 1:24:01 PM,C,9.17
11/8/13 2:14:01 PM,C,10.174
11/8/13 3:04:01 PM,C,10.676
11/8/13 3:54:01 PM,C,9.17
11/8/13 4:44:01 PM,C,9.17
11/8/13 5:34:01 PM,C,7.662
11/8/13 6:24:01 PM,C,7.16
11/8/13 7:14:01 PM,C,6.155
11/8/13 8:04:01 PM,C,6.155
11/8/13 8:54:01 PM,C,5.652
11/8/13 9:44:01 PM,C,5.652
11/8/13 10:34:01 PM,C,5.149
11/8/13 11:24:01 PM,C,5.149
11/9/13 12:14:01 AM,C,5.652
11/9/13 1:04:01 AM,C,5.652
11/9/13 1:54:01 AM,C,9.17
11/9/13 2:44:01 AM,C,7.662
11/9/13 3:34:01 AM,C,5.149
11/9/13 4:24:01 AM,C,4.646
11/9/13 5:14:01 AM,C,4.143
11/9/13 6:04:01 AM,C,3.64
11/9/13 6:54:01 AM,C,3.64
11/9/13 7:44:01 AM,C,4.143
11/9/13 8:34:01 AM,C,5.149
11/9/13 9:24:01 AM,C,11.681
11/9/13 10:14:01 AM,C,12.684
11/9/13 11:04:01 AM,C,14.691
11/9/13 11:54:01 AM,C,14.189
11/9/13 12:44:01 PM,C,14.189
11/9/13 1:34:01 PM,C,13.688
11/9/13 2:24:01 PM,C,13.186
11/9/13 3:14:01 PM,C,12.684
11/9/13 4:04:01 PM,C,11.681
11/9/13 4:54:01 PM,C,9.672
11/9/13 5:44:01 PM,C,8.667
11/9/13 6:34:01 PM,C,8.165
11/9/13 7:24:01 PM,C,9.17
11/9/13 8:14:01 PM,C,8.165
11/9/13 9:04:01 PM,C,7.662
11/9/13 9:54:01 PM,C,7.662
11/9/13 10:44:01 PM,C,7.16
11/9/13 11:34:01 PM,C,6.657
11/10/13 12:24:01 AM,C,6.657
11/10/13 1:14:01 AM,C,7.16
11/10/13 2:04:01 AM,C,7.662
11/10/13 2:54:01 AM,C,6.155
11/10/13 3:44:01 AM,C,6.155
11/10/13 4:34:01 AM,C,6.657
11/10/13 5:24:01 AM,C,6.657
11/10/13 6:14:01 AM,C,6.657
11/10/13 7:04:01 AM,C,6.155
11/10/13 7:54:01 AM,C,6.155
11/10/13 8:44:01 AM,C,7.16
11/10/13 9:34:01 AM,C,11.681
11/10/13 10:24:01 AM,C,15.192
11/10/13 11:14:01 AM,C,16.697
11/10/13 12:04:01 PM,C,15.694
11/10/13 12:54:01 PM,C,16.697
11/10/13 1:44:01 PM,C,16.195
11/10/13 2:34:01 PM,C,16.195
11/10/13 3:24:01 PM,C,15.192
11/10/13 4:14:01 PM,C,14.189
11/10/13 5:04:01 PM,C,13.186
11/10/13 5:54:01 PM,C,10.676
11/10/13 6:44:01 PM,C,10.676
11/10/13 7:34:01 PM,C,8.667
11/10/13 8:24:01 PM,C,8.667
11/10/13 9:14:01 PM,C,8.667
11/10/13 10:04:01 PM,C,8.165
11/10/13 10:54:01 PM,C,7.16
11/10/13 11:44:01 PM,C,9.17
11/11/13 12:34:01 AM,C,7.16
11/11/13 1:24:01 AM,C,6.657
11/11/13 2:14:01 AM,C,6.657
11/11/13 3:04:01 AM,C,7.16
11/11/13 3:54:01 AM,C,8.165
11/11/13 4:44:01 AM,C,10.676
11/11/13 5:34:01 AM,C,10.174
11/11/13 6:24:01 AM,C,8.165
11/11/13 7:14:01 AM,C,9.17
11/11/13 8:04:01 AM,C,10.676
11/11/13 8:54:01 AM,C,11.179
11/11/13 9:44:01 AM,C,14.189
11/11/13 10:34:01 AM,C,15.192
11/11/13 11:24:01 AM,C,16.697
11/11/13 12:14:01 PM,C,16.697
11/11/13 1:04:01 PM,C,18.2
11/11/13 1:54:01 PM,C,18.2
11/11/13 2:44:01 PM,C,18.701
11/11/13 3:34:01 PM,C,17.699
11/11/13 4:24:01 PM,C,16.195
11/11/13 5:14:01 PM,C,14.691
11/11/13 6:04:01 PM,C,12.182
11/11/13 6:54:01 PM,C,9.672
11/11/13 7:44:01 PM,C,9.672
11/11/13 8:34:01 PM,C,9.17
11/11/13 9:24:01 PM,C,9.672
11/11/13 10:14:01 PM,C,8.667
11/11/13 11:04:01 PM,C,8.667
11/11/13 11:54:01 PM,C,8.667
11/12/13 12:44:01 AM,C,8.165
11/12/13 1:34:01 AM,C,8.667
11/12/13 2:24:01 AM,C,9.17
11/12/13 3:14:01 AM,C,8.667
11/12/13 4:04:01 AM,C,7.16
11/12/13 4:54:01 AM,C,7.16
11/12/13 5:44:01 AM,C,6.155
11/12/13 6:34:01 AM,C,5.652
11/12/13 7:24:01 AM,C,5.149
11/12/13 8:14:01 AM,C,5.149
11/12/13 9:04:01 AM,C,4.646
11/12/13 9:54:01 AM,C,2.633
11/12/13 10:44:01 AM,C,1.627
11/12/13 11:34:01 AM,C,2.633
11/12/13 12:24:01 PM,C,1.123
11/12/13 1:14:01 PM,C,3.64
11/12/13 2:04:01 PM,C,4.143
11/12/13 2:54:01 PM,C,3.64
11/12/13 3:44:01 PM,C,3.137
11/12/13 4:34:01 PM,C,2.633
11/12/13 5:24:01 PM,C,2.633
11/12/13 6:14:01 PM,C,2.13
11/12/13 7:04:01 PM,C,2.13
11/12/13 7:54:01 PM,C,2.13
11/12/13 8:44:01 PM,C,2.13
11/12/13 9:34:01 PM,C,1.627
11/12/13 10:24:01 PM,C,1.627
11/12/13 11:14:01 PM,C,2.13
11/13/13 12:04:01 AM,C,2.633
11/13/13 12:54:01 AM,C,2.633
11/13/13 1:44:01 AM,C,2.633
11/13/13 2:34:01 AM,C,2.633
11/13/13 3:24:01 AM,C,2.633
11/13/13 4:14:01 AM,C,2.13
11/13/13 5:04:01 AM,C,2.13
11/13/13 5:54:01 AM,C,2.633
11/13/13 6:44:01 AM,C,2.633
11/13/13 7:34:01 AM,C,2.13
11/13/13 8:24:01 AM,C,2.13
11/13/13 9:14:01 AM,C,2.633
11/13/13 10:04:01 AM,C,4.143
11/13/13 10:54:01 AM,C,3.64
11/13/13 11:44:01 AM,C,4.143
11/13/13 12:34:01 PM,C,6.657
11/13/13 1:24:01 PM,C,6.657
11/13/13 2:14:01 PM,C,7.16
11/13/13 3:04:01 PM,C,7.662
11/13/13 3:54:01 PM,C,6.657
11/13/13 4:44:01 PM,C,5.652
11/13/13 5:34:01 PM,C,4.646
11/13/13 6:24:01 PM,C,3.64
11/13/13 7:14:01 PM,C,2.13
11/13/13 8:04:01 PM,C,1.627
11/13/13 8:54:01 PM,C,3.137
11/13/13 9:44:01 PM,C,4.143
11/13/13 10:34:01 PM,C,3.137
11/13/13 11:24:01 PM,C,3.137
11/14/13 12:14:01 AM,C,3.64
11/14/13 1:04:01 AM,C,4.646
11/14/13 1:54:01 AM,C,5.149
11/14/13 2:44:01 AM,C,5.149
11/14/13 3:34:01 AM,C,5.149
11/14/13 4:24:01 AM,C,5.149
11/14/13 5:14:01 AM,C,5.149
11/14/13 6:04:01 AM,C,5.149
11/14/13 6:54:01 AM,C,6.657
11/14/13 7:44:01 AM,C,7.662
11/14/13 8:34:01 AM,C,7.662
11/14/13 9:24:01 AM,C,9.672
11/14/13 10:14:01 AM,C,10.676
11/14/13 11:04:01 AM,C,13.186
11/14/13 11:54:01 AM,C,11.681
11/14/13 12:44:01 PM,C,11.179
11/14/13 1:34:01 PM,C,10.174
11/14/13 2:24:01 PM,C,10.676
11/14/13 3:14:01 PM,C,10.676
11/14/13 4:04:01 PM,C,9.672
11/14/13 4:54:01 PM,C,9.17
11/14/13 5:44:01 PM,C,8.667
11/14/13 6:34:01 PM,C,8.165
11/14/13 7:24:01 PM,C,7.662
11/14/13 8:14:01 PM,C,7.662
11/14/13 9:04:01 PM,C,7.662
11/14/13 9:54:01 PM,C,8.165
11/14/13 10:44:01 PM,C,6.657
11/14/13 11:34:01 PM,C,5.149
11/15/13 12:24:01 AM,C,4.646
11/15/13 1:14:01 AM,C,7.662
11/15/13 2:04:01 AM,C,7.662
11/15/13 2:54:01 AM,C,7.16
11/15/13 3:44:01 AM,C,7.662
11/15/13 4:34:01 AM,C,8.165
11/15/13 5:24:01 AM,C,7.662
11/15/13 6:14:01 AM,C,6.155
11/15/13 7:04:01 AM,C,5.652
11/15/13 7:54:01 AM,C,5.652
11/15/13 8:44:01 AM,C,6.657
11/15/13 9:34:01 AM,C,10.676
11/15/13 10:24:01 AM,C,12.182
11/15/13 11:14:01 AM,C,14.189
11/15/13 12:04:01 PM,C,12.684
11/15/13 12:54:01 PM,C,15.192
11/15/13 1:44:01 PM,C,13.186
11/15/13 2:34:01 PM,C,13.688
11/15/13 3:24:01 PM,C,13.186
11/15/13 4:14:01 PM,C,12.684
11/15/13 5:04:01 PM,C,11.681
11/15/13 5:54:01 PM,C,9.672
11/15/13 6:44:01 PM,C,8.165
11/15/13 7:34:01 PM,C,10.174
11/15/13 8:24:01 PM,C,11.179
11/15/13 9:14:01 PM,C,11.179
11/15/13 10:04:01 PM,C,9.17
11/15/13 10:54:01 PM,C,8.165
11/15/13 11:44:01 PM,C,8.165
11/16/13 12:34:01 AM,C,6.155
11/16/13 1:24:01 AM,C,7.16
11/16/13 2:14:01 AM,C,7.16
11/16/13 3:04:01 AM,C,7.16
11/16/13 3:54:01 AM,C,7.16
11/16/13 4:44:01 AM,C,7.16
11/16/13 5:34:01 AM,C,6.657
11/16/13 6:24:01 AM,C,7.662
11/16/13 7:14:01 AM,C,7.662
11/16/13 8:04:01 AM,C,7.662
11/16/13 8:54:01 AM,C,8.667
11/16/13 9:44:01 AM,C,12.182
11/16/13 10:34:01 AM,C,12.684
11/16/13 11:24:01 AM,C,14.189
11/16/13 12:14:01 PM,C,14.189
11/16/13 1:04:01 PM,C,13.688
11/16/13 1:54:01 PM,C,13.688
11/16/13 2:44:01 PM,C,13.688
11/16/13 3:34:01 PM,C,13.688
11/16/13 4:24:01 PM,C,14.189
11/16/13 5:14:01 PM,C,13.688
11/16/13 6:04:01 PM,C,13.688
11/16/13 6:54:01 PM,C,13.186
11/16/13 7:44:01 PM,C,12.182
11/16/13 8:34:01 PM,C,12.684
11/16/13 9:24:01 PM,C,12.684
11/16/13 10:14:01 PM,C,12.684
11/16/13 11:04:01 PM,C,12.182
11/16/13 11:54:01 PM,C,11.681
11/17/13 12:44:01 AM,C,11.179
11/17/13 1:34:01 AM,C,11.179
11/17/13 2:24:01 AM,C,10.676
11/17/13 3:14:01 AM,C,10.174
11/17/13 4:04:01 AM,C,10.174
11/17/13 4:54:01 AM,C,9.17
11/17/13 5:44:01 AM,C,8.667
11/17/13 6:34:01 AM,C,8.667
11/17/13 7:24:01 AM,C,8.667
11/17/13 8:14:01 AM,C,8.667
11/17/13 9:04:01 AM,C,8.667
11/17/13 9:54:01 AM,C,11.179
11/17/13 10:44:01 AM,C,13.186
11/17/13 11:34:01 AM,C,11.179
11/17/13 12:24:01 PM,C,11.179
11/17/13 1:14:01 PM,C,11.681
11/17/13 2:04:01 PM,C,12.182
11/17/13 2:54:01 PM,C,11.681
11/17/13 3:44:01 PM,C,11.179
11/17/13 4:34:01 PM,C,10.676
11/17/13 5:24:01 PM,C,10.676
11/17/13 6:14:01 PM,C,10.676
11/17/13 7:04:01 PM,C,10.676
11/17/13 7:54:01 PM,C,10.676
11/17/13 8:44:01 PM,C,10.676
11/17/13 9:34:01 PM,C,10.676
11/17/13 10:24:01 PM,C,8.667
11/17/13 11:14:01 PM,C,9.672
11/18/13 12:04:01 AM,C,8.667
11/18/13 12:54:01 AM,C,9.672
11/18/13 1:44:01 AM,C,9.672
11/18/13 2:34:01 AM,C,9.17
11/18/13 3:24:01 AM,C,8.667
11/18/13 4:14:01 AM,C,7.662
11/18/13 5:04:01 AM,C,7.662
11/18/13 5:54:01 AM,C,8.165
11/18/13 6:44:01 AM,C,8.165
11/18/13 7:34:01 AM,C,6.657
11/18/13 8:24:01 AM,C,8.165
11/18/13 9:14:01 AM,C,10.174
11/18/13 10:04:01 AM,C,12.182
11/18/13 10:54:01 AM,C,14.691
11/18/13 11:44:01 AM,C,15.192
11/18/13 12:34:01 PM,C,15.192
11/18/13 1:24:01 PM,C,14.189
11/18/13 2:14:01 PM,C,14.189
11/18/13 3:04:01 PM,C,14.189
11/18/13 3:54:01 PM,C,12.684
11/18/13 4:44:01 PM,C,10.174
11/18/13 5:34:01 PM,C,10.676
11/18/13 6:24:01 PM,C,8.667
11/18/13 7:14:01 PM,C,7.662
11/18/13 8:04:01 PM,C,7.16
11/18/13 8:54:01 PM,C,7.662
11/18/13 9:44:01 PM,C,7.16
11/18/13 10:34:01 PM,C,7.16
11/18/13 11:24:01 PM,C,10.174
11/19/13 12:14:01 AM,C,9.17
11/19/13 1:04:01 AM,C,10.676
11/19/13 1:54:01 AM,C,10.676
11/19/13 2:44:01 AM,C,10.174
11/19/13 3:34:01 AM,C,9.17
11/19/13 4:24:01 AM,C,10.174
11/19/13 5:14:01 AM,C,8.165
11/19/13 6:04:01 AM,C,6.657
11/19/13 6:54:01 AM,C,6.657
11/19/13 7:44:01 AM,C,6.657
11/19/13 8:34:01 AM,C,7.662
11/19/13 9:24:01 AM,C,11.681
11/19/13 10:14:01 AM,C,13.688
11/19/13 11:04:01 AM,C,18.2
11/19/13 11:54:01 AM,C,14.691
11/19/13 12:44:01 PM,C,16.195
11/19/13 1:34:01 PM,C,15.694
11/19/13 2:24:01 PM,C,15.192
11/19/13 3:14:01 PM,C,13.688
11/19/13 4:04:01 PM,C,13.186
11/19/13 4:54:01 PM,C,14.189
11/19/13 5:44:01 PM,C,12.182
11/19/13 6:34:01 PM,C,10.174
11/19/13 7:24:01 PM,C,8.667
11/19/13 8:14:01 PM,C,8.667
11/19/13 9:04:01 PM,C,8.165
11/19/13 9:54:01 PM,C,7.662
11/19/13 10:44:01 PM,C,7.16
11/19/13 11:34:01 PM,C,8.165
11/20/13 12:24:01 AM,C,8.165
11/20/13 1:14:01 AM,C,8.667
11/20/13 2:04:01 AM,C,7.662
11/20/13 2:54:01 AM,C,8.165
11/20/13 3:44:01 AM,C,9.17
11/20/13 4:34:01 AM,C,8.165
11/20/13 5:24:01 AM,C,7.662
11/20/13 6:14:01 AM,C,8.165
11/20/13 7:04:01 AM,C,9.17
11/20/13 7:54:01 AM,C,9.672
11/20/13 8:44:01 AM,C,10.676
11/20/13 9:34:01 AM,C,12.182
11/20/13 10:24:01 AM,C,13.688
11/20/13 11:14:01 AM,C,14.691
11/20/13 12:04:01 PM,C,15.192
11/20/13 12:54:01 PM,C,17.198
11/20/13 1:44:01 PM,C,16.195
11/20/13 2:34:01 PM,C,15.192
11/20/13 3:24:01 PM,C,15.192
11/20/13 4:14:01 PM,C,13.688
11/20/13 5:04:01 PM,C,14.189
11/20/13 5:54:01 PM,C,10.676
11/20/13 6:44:01 PM,C,9.672
11/20/13 7:34:01 PM,C,9.17
11/20/13 8:24:01 PM,C,8.667
11/20/13 9:14:01 PM,C,8.667
11/20/13 10:04:01 PM,C,8.667
11/20/13 10:54:01 PM,C,8.165
11/20/13 11:44:01 PM,C,8.165
11/21/13 12:34:01 AM,C,8.165
11/21/13 1:24:01 AM,C,7.662
11/21/13 2:14:01 AM,C,7.662
11/21/13 3:04:01 AM,C,8.165
11/21/13 3:54:01 AM,C,11.179
11/21/13 4:44:01 AM,C,7.662
11/21/13 5:34:01 AM,C,7.16
11/21/13 6:24:01 AM,C,7.16
11/21/13 7:14:01 AM,C,6.657
11/21/13 8:04:01 AM,C,7.662
11/21/13 8:54:01 AM,C,9.17
11/21/13 9:44:01 AM,C,13.186
11/21/13 10:34:01 AM,C,12.684
11/21/13 11:24:01 AM,C,15.192
11/21/13 12:14:01 PM,C,15.694
11/21/13 1:04:01 PM,C,17.198
11/21/13 1:54:01 PM,C,14.691
11/21/13 2:44:01 PM,C,15.694
11/21/13 3:34:01 PM,C,14.691
11/21/13 4:24:01 PM,C,13.688
11/21/13 5:14:01 PM,C,11.179
11/21/13 6:04:01 PM,C,11.681
11/21/13 6:54:01 PM,C,12.182
11/21/13 7:44:01 PM,C,9.672
11/21/13 8:34:01 PM,C,9.17
11/21/13 9:24:01 PM,C,9.17
11/21/13 10:14:01 PM,C,8.165
11/21/13 11:04:01 PM,C,7.662
11/21/13 11:54:01 PM,C,8.667
11/22/13 12:44:01 AM,C,9.672
11/22/13 1:34:01 AM,C,9.17
11/22/13 2:24:01 AM,C,7.662
11/22/13 3:14:01 AM,C,7.16
11/22/13 4:04:01 AM,C,6.155
11/22/13 4:54:01 AM,C,6.657
11/22/13 5:44:01 AM,C,5.149
11/22/13 6:34:01 AM,C,4.143
11/22/13 7:24:01 AM,C,3.64
11/22/13 8:14:01 AM,C,2.633
11/22/13 9:04:01 AM,C,2.633
11/22/13 9:54:01 AM,C,2.633
11/22/13 10:44:01 AM,C,1.123
11/22/13 11:34:01 AM,C,0.116
11/22/13 12:24:01 PM,C,1.123
11/22/13 1:14:01 PM,C,0.116
11/22/13 2:04:01 PM,C,0.116
11/22/13 2:54:01 PM,C,0.62
11/22/13 3:44:01 PM,C,2.633
11/22/13 4:34:01 PM,C,4.646
11/22/13 5:24:01 PM,C,4.143
11/22/13 6:14:01 PM,C,3.64
11/22/13 7:04:01 PM,C,4.646
11/22/13 7:54:01 PM,C,3.64
11/22/13 8:44:01 PM,C,3.137
11/22/13 9:34:01 PM,C,1.627
11/22/13 10:24:01 PM,C,2.633
11/22/13 11:14:01 PM,C,2.13
11/23/13 12:04:01 AM,C,1.123
11/23/13 12:54:01 AM,C,0.62
11/23/13 1:44:01 AM,C,0.62
11/23/13 2:34:01 AM,C,0.116
11/23/13 3:24:01 AM,C,0.116
11/23/13 4:14:01 AM,C,6.155
11/23/13 5:04:01 AM,C,1.627
11/23/13 5:54:01 AM,C,1.123
11/23/13 6:44:01 AM,C,1.123
11/23/13 7:34:01 AM,C,1.627
11/23/13 8:24:01 AM,C,1.123
11/23/13 9:14:01 AM,C,1.627
11/23/13 10:04:01 AM,C,1.627
11/23/13 10:54:01 AM,C,-2.907
11/23/13 11:44:01 AM,C,-3.915
11/23/13 12:34:01 PM,C,-4.419
11/23/13 1:24:01 PM,C,-3.411
11/23/13 2:14:01 PM,C,-3.411
11/23/13 3:04:01 PM,C,-3.915
11/23/13 3:54:01 PM,C,-4.924
11/23/13 4:44:01 PM,C,-2.403
11/23/13 5:34:01 PM,C,-2.907
11/23/13 6:24:01 PM,C,-2.403
11/23/13 7:14:01 PM,C,-2.907
11/23/13 8:04:01 PM,C,-3.411
11/23/13 8:54:01 PM,C,-3.915
11/23/13 9:44:01 PM,C,-4.924
11/23/13 10:34:01 PM,C,-5.428
11/23/13 11:24:01 PM,C,-4.924
11/24/13 12:14:01 AM,C,-3.411
11/24/13 1:04:01 AM,C,-4.419
11/24/13 1:54:01 AM,C,-4.924
11/24/13 2:44:01 AM,C,-4.924
11/24/13 3:34:01 AM,C,-5.428
11/24/13 4:24:01 AM,C,-5.933
11/24/13 5:14:01 AM,C,-4.924
11/24/13 6:04:01 AM,C,-2.403
11/24/13 6:54:01 AM,C,-2.403
11/24/13 7:44:01 AM,C,-2.907
11/24/13 8:34:01 AM,C,-4.924
11/24/13 9:24:01 AM,C,0.116
11/24/13 10:14:01 AM,C,-0.387
11/24/13 11:04:01 AM,C,0.62
11/24/13 11:54:01 AM,C,0.62
11/24/13 12:44:01 PM,C,0.116
11/24/13 1:34:01 PM,C,-0.891
11/24/13 2:24:01 PM,C,-0.387
11/24/13 3:14:01 PM,C,-0.891
11/24/13 4:04:01 PM,C,0.116
11/24/13 4:54:01 PM,C,0.62
11/24/13 5:44:01 PM,C,0.62
11/24/13 6:34:01 PM,C,1.627
11/24/13 7:24:01 PM,C,2.13
11/24/13 8:14:01 PM,C,1.627
11/24/13 9:04:01 PM,C,2.13
11/24/13 9:54:01 PM,C,1.123
11/24/13 10:44:01 PM,C,1.123
11/24/13 11:34:01 PM,C,-0.387
11/25/13 12:24:01 AM,C,-0.387
11/25/13 1:14:01 AM,C,-0.387
11/25/13 2:04:01 AM,C,-0.387
11/25/13 2:54:01 AM,C,-1.395
11/25/13 3:44:01 AM,C,-1.395
11/25/13 4:34:01 AM,C,-1.395
11/25/13 5:24:01 AM,C,-0.891
11/25/13 6:14:01 AM,C,-1.395
11/25/13 7:04:01 AM,C,-2.403
11/25/13 7:54:01 AM,C,-2.403
11/25/13 8:44:01 AM,C,-1.899
11/25/13 9:34:01 AM,C,1.627
11/25/13 10:24:01 AM,C,1.123
11/25/13 11:14:01 AM,C,3.64
11/25/13 12:04:01 PM,C,1.627
11/25/13 12:54:01 PM,C,2.13
11/25/13 1:44:01 PM,C,0.62
11/25/13 2:34:01 PM,C,0.116
11/25/13 3:24:01 PM,C,-1.395
11/25/13 4:14:01 PM,C,-1.899
11/25/13 5:04:01 PM,C,-2.403
11/25/13 5:54:01 PM,C,-2.403
11/25/13 6:44:01 PM,C,-2.907
11/25/13 7:34:01 PM,C,-2.907
11/25/13 8:24:01 PM,C,-2.907
11/25/13 9:14:01 PM,C,-3.411
11/25/13 10:04:01 PM,C,-3.411
11/25/13 10:54:01 PM,C,-3.915
11/25/13 11:44:01 PM,C,-3.915
11/26/13 12:34:01 AM,C,-3.915
11/26/13 1:24:01 AM,C,-4.924
11/26/13 2:14:01 AM,C,-5.428
11/26/13 3:04:01 AM,C,-6.437
11/26/13 3:54:01 AM,C,-6.437
11/26/13 4:44:01 AM,C,-5.933
11/26/13 5:34:01 AM,C,-5.933
11/26/13 6:24:01 AM,C,-6.437
11/26/13 7:14:01 AM,C,-6.437
11/26/13 8:04:01 AM,C,-7.446
11/26/13 8:54:01 AM,C,-6.942
11/26/13 9:44:01 AM,C,-2.403
11/26/13 10:34:01 AM,C,-2.907
11/26/13 11:24:01 AM,C,0.62
11/26/13 12:14:01 PM,C,-1.899
11/26/13 1:04:01 PM,C,-0.387
11/26/13 1:54:01 PM,C,-0.891
11/26/13 2:44:01 PM,C,-0.891
11/26/13 3:34:01 PM,C,-1.395
11/26/13 4:24:01 PM,C,-1.899
11/26/13 5:14:01 PM,C,-2.403
11/26/13 6:04:01 PM,C,-3.411
11/26/13 6:54:01 PM,C,-3.915
11/26/13 7:44:01 PM,C,-2.907
11/26/13 8:34:01 PM,C,-3.411
11/26/13 9:24:01 PM,C,-3.411
11/26/13 10:14:01 PM,C,-3.915
11/26/13 11:04:01 PM,C,-3.915
11/26/13 11:54:01 PM,C,-3.915
11/27/13 12:44:01 AM,C,-3.915
11/27/13 1:34:01 AM,C,-3.915
11/27/13 2:24:01 AM,C,-3.915
11/27/13 3:14:01 AM,C,-3.915
11/27/13 4:04:01 AM,C,-4.419
11/27/13 4:54:01 AM,C,-4.419
11/27/13 5:44:01 AM,C,-3.915
11/27/13 6:34:01 AM,C,-4.419
11/27/13 7:24:01 AM,C,-4.419
11/27/13 8:14:01 AM,C,-3.411
11/27/13 9:04:01 AM,C,-2.403
11/27/13 9:54:01 AM,C,3.64
11/27/13 10:44:01 AM,C,1.123
11/27/13 11:34:01 AM,C,2.633
11/27/13 12:24:01 PM,C,2.13
11/27/13 1:14:01 PM,C,3.137
11/27/13 2:04:01 PM,C,2.633
11/27/13 2:54:01 PM,C,2.633
11/27/13 3:44:01 PM,C,2.633
11/27/13 4:34:01 PM,C,1.123
11/27/13 5:24:01 PM,C,1.123
11/27/13 6:14:01 PM,C,-0.387
11/27/13 7:04:01 PM,C,0.116
11/27/13 7:54:01 PM,C,-1.395
11/27/13 8:44:01 PM,C,-0.387
11/27/13 9:34:01 PM,C,-0.387
11/27/13 10:24:01 PM,C,-0.891
11/27/13 11:14:01 PM,C,1.123
11/28/13 12:04:01 AM,C,0.62
11/28/13 12:54:01 AM,C,-0.387
11/28/13 1:44:01 AM,C,1.123
11/28/13 2:34:01 AM,C,1.123
11/28/13 3:24:01 AM,C,0.62
11/28/13 4:14:01 AM,C,1.627
11/28/13 5:04:01 AM,C,-0.387
11/28/13 5:54:01 AM,C,-0.387
11/28/13 6:44:01 AM,C,1.123
11/28/13 7:34:01 AM,C,1.627
11/28/13 8:24:01 AM,C,1.627
11/28/13 9:14:01 AM,C,4.143
11/28/13 10:04:01 AM,C,9.672
11/28/13 10:54:01 AM,C,11.681
11/28/13 11:44:01 AM,C,8.667
11/28/13 12:34:01 PM,C,11.179
11/28/13 1:24:01 PM,C,8.667
11/28/13 2:14:01 PM,C,8.667
11/28/13 3:04:01 PM,C,8.165
11/28/13 3:54:01 PM,C,5.652
11/28/13 4:44:01 PM,C,4.646
11/28/13 5:34:01 PM,C,4.143
11/28/13 6:24:01 PM,C,3.137
11/28/13 7:14:01 PM,C,2.13
11/28/13 8:04:01 PM,C,2.13
11/28/13 8:54:01 PM,C,2.633
11/28/13 9:44:01 PM,C,2.633
11/28/13 10:34:01 PM,C,2.633
11/28/13 11:24:01 PM,C,3.137
11/29/13 12:14:01 AM,C,3.137
11/29/13 1:04:01 AM,C,2.633
11/29/13 1:54:01 AM,C,2.633
11/29/13 2:44:01 AM,C,2.633
11/29/13 3:34:01 AM,C,6.155
11/29/13 4:24:01 AM,C,7.662
11/29/13 5:14:01 AM,C,8.165
11/29/13 6:04:01 AM,C,7.662
11/29/13 6:54:01 AM,C,7.662
11/29/13 7:44:01 AM,C,7.662
11/29/13 8:34:01 AM,C,8.165
11/29/13 9:24:01 AM,C,9.672
11/29/13 10:14:01 AM,C,10.676
11/29/13 11:04:01 AM,C,14.691
11/29/13 11:54:01 AM,C,12.182
11/29/13 12:44:01 PM,C,13.688
11/29/13 1:34:01 PM,C,12.684
11/29/13 2:24:01 PM,C,12.182
11/29/13 3:14:01 PM,C,11.179
11/29/13 4:04:01 PM,C,10.174
11/29/13 4:54:01 PM,C,9.17
11/29/13 5:44:01 PM,C,7.16
11/29/13 6:34:01 PM,C,6.155
11/29/13 7:24:01 PM,C,5.652
11/29/13 8:14:01 PM,C,5.652
11/29/13 9:04:01 PM,C,8.667
11/29/13 9:54:01 PM,C,9.672
11/29/13 10:44:01 PM,C,9.17
11/29/13 11:34:01 PM,C,9.672
11/30/13 12:24:01 AM,C,9.672
11/30/13 1:14:01 AM,C,9.17
11/30/13 2:04:01 AM,C,8.667
11/30/13 2:54:01 AM,C,9.17
11/30/13 3:44:01 AM,C,9.672
11/30/13 4:34:01 AM,C,9.17
11/30/13 5:24:01 AM,C,8.667
11/30/13 6:14:01 AM,C,9.17
11/30/13 7:04:01 AM,C,9.672
11/30/13 7:54:01 AM,C,9.672
11/30/13 8:44:01 AM,C,9.672
11/30/13 9:34:01 AM,C,12.684
11/30/13 10:24:01 AM,C,13.186
11/30/13 11:14:01 AM,C,16.195
11/30/13 12:04:01 PM,C,16.697
11/30/13 12:54:01 PM,C,17.198
11/30/13 1:44:01 PM,C,15.694
11/30/13 2:34:01 PM,C,15.694
11/30/13 3:24:01 PM,C,14.691
11/30/13 4:14:01 PM,C,11.179
11/30/13 5:04:01 PM,C,9.672
11/30/13 5:54:01 PM,C,8.667
11/30/13 6:44:01 PM,C,8.165
11/30/13 7:34:01 PM,C,8.165
11/30/13 8:24:01 PM,C,10.174
11/30/13 9:14:01 PM,C,9.17
11/30/13 10:04:01 PM,C,9.672
11/30/13 10:54:01 PM,C,9.17
11/30/13 11:44:01 PM,C,9.672
12/1/13 12:34:01 AM,C,8.667
12/1/13 1:24:01 AM,C,9.672
12/1/13 2:14:01 AM,C,12.182
12/1/13 3:04:01 AM,C,11.681
12/1/13 3:54:01 AM,C,11.681
12/1/13 4:44:01 AM,C,9.17
12/1/13 5:34:01 AM,C,10.676
12/1/13 6:24:01 AM,C,8.667
12/1/13 7:14:01 AM,C,10.676
12/1/13 8:04:01 AM,C,11.179
12/1/13 8:54:01 AM,C,13.186
12/1/13 9:44:01 AM,C,14.691
12/1/13 10:34:01 AM,C,15.694
12/1/13 11:24:01 AM,C,16.697
12/1/13 12:14:01 PM,C,17.699
12/1/13 1:04:01 PM,C,16.195
12/1/13 1:54:01 PM,C,15.694
12/1/13 2:44:01 PM,C,15.192
12/1/13 3:34:01 PM,C,13.688
12/1/13 4:24:01 PM,C,13.186
12/1/13 5:14:01 PM,C,12.684
12/1/13 6:04:01 PM,C,12.182
12/1/13 6:54:01 PM,C,11.681
12/1/13 7:44:01 PM,C,11.179
12/1/13 8:34:01 PM,C,10.174
12/1/13 9:24:01 PM,C,9.17
12/1/13 10:14:01 PM,C,9.17
12/1/13 11:04:01 PM,C,8.667
12/1/13 11:54:01 PM,C,10.174
12/2/13 12:44:01 AM,C,9.672
12/2/13 1:34:01 AM,C,9.17
12/2/13 2:24:01 AM,C,9.17
12/2/13 3:14:01 AM,C,9.672
12/2/13 4:04:01 AM,C,8.667
12/2/13 4:54:01 AM,C,7.662
12/2/13 5:44:01 AM,C,7.662
12/2/13 6:34:01 AM,C,7.16
12/2/13 7:24:01 AM,C,6.657
12/2/13 8:14:01 AM,C,6.657
12/2/13 9:04:01 AM,C,7.662
12/2/13 9:54:01 AM,C,10.676
12/2/13 10:44:01 AM,C,10.174
12/2/13 11:34:01 AM,C,11.681
12/2/13 12:24:01 PM,C,12.182
12/2/13 1:14:01 PM,C,12.684
12/2/13 2:04:01 PM,C,11.179
12/2/13 2:54:01 PM,C,10.174
12/2/13 3:44:01 PM,C,10.174
12/2/13 4:34:01 PM,C,9.672
12/2/13 5:24:01 PM,C,9.672
12/2/13 6:14:01 PM,C,10.174
12/2/13 7:04:01 PM,C,8.667
12/2/13 7:54:01 PM,C,9.672
12/2/13 8:44:01 PM,C,7.16
12/2/13 9:34:01 PM,C,7.16
12/2/13 10:24:01 PM,C,7.16
12/2/13 11:14:01 PM,C,4.646
12/3/13 12:04:01 AM,C,7.662
12/3/13 12:54:01 AM,C,8.667
12/3/13 1:44:01 AM,C,9.17
12/3/13 2:34:01 AM,C,10.174
12/3/13 3:24:01 AM,C,9.672
12/3/13 4:14:01 AM,C,10.174
12/3/13 5:04:01 AM,C,8.667
12/3/13 5:54:01 AM,C,8.667
12/3/13 6:44:01 AM,C,7.662
12/3/13 7:34:01 AM,C,7.662
12/3/13 8:24:01 AM,C,9.17
12/3/13 9:14:01 AM,C,9.672
12/3/13 10:04:01 AM,C,9.672
12/3/13 10:54:01 AM,C,10.676
12/3/13 11:44:01 AM,C,11.179
12/3/13 12:34:01 PM,C,11.179
12/3/13 1:24:01 PM,C,12.182
12/3/13 2:14:01 PM,C,13.186
12/3/13 3:04:01 PM,C,12.182
12/3/13 3:54:01 PM,C,12.182
12/3/13 4:44:01 PM,C,11.681
12/3/13 5:34:01 PM,C,11.681
12/3/13 6:24:01 PM,C,11.179
12/3/13 7:14:01 PM,C,12.182
12/3/13 8:04:01 PM,C,12.182
12/3/13 8:54:01 PM,C,11.179
12/3/13 9:44:01 PM,C,11.681
12/3/13 10:34:01 PM,C,11.179
12/3/13 11:24:01 PM,C,11.179
12/4/13 12:14:01 AM,C,10.174
12/4/13 1:04:01 AM,C,10.174
12/4/13 1:54:01 AM,C,10.174
12/4/13 2:44:01 AM,C,9.672
12/4/13 3:34:01 AM,C,9.672
12/4/13 4:24:01 AM,C,9.672
12/4/13 5:14:01 AM,C,9.672
12/4/13 6:04:01 AM,C,9.17
12/4/13 6:54:01 AM,C,9.17
12/4/13 7:44:01 AM,C,9.17
12/4/13 8:34:01 AM,C,9.17
12/4/13 9:24:01 AM,C,9.17
12/4/13 10:14:01 AM,C,10.676
12/4/13 11:04:01 AM,C,13.186
12/4/13 11:54:01 AM,C,12.684
12/4/13 12:44:01 PM,C,14.189
12/4/13 1:34:01 PM,C,12.684
12/4/13 2:24:01 PM,C,13.688
12/4/13 3:14:01 PM,C,13.186
12/4/13 4:04:01 PM,C,13.186
12/4/13 4:54:01 PM,C,13.186
12/4/13 5:44:01 PM,C,13.186
12/4/13 6:34:01 PM,C,12.182
12/4/13 7:24:01 PM,C,11.681
12/4/13 8:14:01 PM,C,12.182
12/4/13 9:04:01 PM,C,11.179
12/4/13 9:54:01 PM,C,11.179
12/4/13 10:44:01 PM,C,10.174
12/4/13 11:34:01 PM,C,9.672
12/5/13 12:24:01 AM,C,9.672
12/5/13 1:14:01 AM,C,9.17
12/5/13 2:04:01 AM,C,9.17
12/5/13 2:54:01 AM,C,7.16
12/5/13 3:44:01 AM,C,7.662
12/5/13 4:34:01 AM,C,8.165
12/5/13 5:24:01 AM,C,6.155
12/5/13 6:14:01 AM,C,6.657
12/5/13 7:04:01 AM,C,8.165
12/5/13 7:54:01 AM,C,7.662
12/5/13 8:44:01 AM,C,4.143
12/5/13 9:34:01 AM,C,4.143
12/5/13 10:24:01 AM,C,6.155
12/5/13 11:14:01 AM,C,5.652
12/5/13 12:04:01 PM,C,6.657
12/5/13 12:54:01 PM,C,7.16
12/5/13 1:44:01 PM,C,7.662
12/5/13 2:34:01 PM,C,6.657
12/5/13 3:24:01 PM,C,6.657
12/5/13 4:14:01 PM,C,6.657
12/5/13 5:04:01 PM,C,6.657
12/5/13 5:54:01 PM,C,6.657
12/5/13 6:44:01 PM,C,6.657
12/5/13 7:34:01 PM,C,6.657
12/5/13 8:24:01 PM,C,6.657
12/5/13 9:14:01 PM,C,6.657
12/5/13 10:04:01 PM,C,6.657
12/5/13 10:54:01 PM,C,6.155
12/5/13 11:44:01 PM,C,5.149
12/6/13 12:34:01 AM,C,5.149
12/6/13 1:24:01 AM,C,5.149
12/6/13 2:14:01 AM,C,4.646
12/6/13 3:04:01 AM,C,3.64
12/6/13 3:54:01 AM,C,3.137
12/6/13 4:44:01 AM,C,2.633
12/6/13 5:34:01 AM,C,2.13
12/6/13 6:24:01 AM,C,1.627
12/6/13 7:14:01 AM,C,1.123
12/6/13 8:04:01 AM,C,0.116
12/6/13 8:54:01 AM,C,0.116
12/6/13 9:44:01 AM,C,0.62
12/6/13 10:34:01 AM,C,1.627
12/6/13 11:24:01 AM,C,3.64
12/6/13 12:14:01 PM,C,3.137
12/6/13 1:04:01 PM,C,6.657
12/6/13 1:54:01 PM,C,3.64
12/6/13 2:44:01 PM,C,3.137
12/6/13 3:34:01 PM,C,2.13
12/6/13 4:24:01 PM,C,2.633
12/6/13 5:14:01 PM,C,2.633
12/6/13 6:04:01 PM,C,2.13
12/6/13 6:54:01 PM,C,-0.891
12/6/13 7:44:01 PM,C,1.627
12/6/13 8:34:01 PM,C,2.633
12/6/13 9:24:01 PM,C,2.13
12/6/13 10:14:01 PM,C,2.633
12/6/13 11:04:01 PM,C,-0.387
12/6/13 11:54:01 PM,C,0.62
12/7/13 12:44:01 AM,C,0.62
12/7/13 1:34:01 AM,C,-0.387
12/7/13 2:24:01 AM,C,-0.891
12/7/13 3:14:01 AM,C,-0.891
12/7/13 4:04:01 AM,C,-2.403
12/7/13 4:54:01 AM,C,0.62
12/7/13 5:44:01 AM,C,1.123
12/7/13 6:34:01 AM,C,1.123
12/7/13 7:24:01 AM,C,1.123
12/7/13 8:14:01 AM,C,0.116
12/7/13 9:04:01 AM,C,0.116
12/7/13 9:54:01 AM,C,0.62
12/7/13 10:44:01 AM,C,1.123
12/7/13 11:34:01 AM,C,1.123
12/7/13 12:24:01 PM,C,2.633
12/7/13 1:14:01 PM,C,2.633
12/7/13 2:04:01 PM,C,3.64
12/7/13 2:54:01 PM,C,3.137
12/7/13 3:44:01 PM,C,2.633
12/7/13 4:34:01 PM,C,2.633
12/7/13 5:24:01 PM,C,3.137
12/7/13 6:14:01 PM,C,2.633
12/7/13 7:04:01 PM,C,2.13
12/7/13 7:54:01 PM,C,1.627
12/7/13 8:44:01 PM,C,1.123
12/7/13 9:34:01 PM,C,1.627
12/7/13 10:24:01 PM,C,3.64
12/7/13 11:14:01 PM,C,4.646
12/8/13 12:04:01 AM,C,5.652
12/8/13 12:54:01 AM,C,4.646
12/8/13 1:44:01 AM,C,4.646
12/8/13 2:34:01 AM,C,4.646
12/8/13 3:24:01 AM,C,4.646
12/8/13 4:14:01 AM,C,4.646
12/8/13 5:04:01 AM,C,4.646
12/8/13 5:54:01 AM,C,4.646
12/8/13 6:44:01 AM,C,4.646
12/8/13 7:34:01 AM,C,4.646
12/8/13 8:24:01 AM,C,4.646
12/8/13 9:14:01 AM,C,5.149
12/8/13 10:04:01 AM,C,7.16
12/8/13 10:54:01 AM,C,7.16
12/8/13 11:44:01 AM,C,6.657
12/8/13 12:34:01 PM,C,7.16
12/8/13 1:24:01 PM,C,7.16
12/8/13 2:14:01 PM,C,7.16
12/8/13 3:04:01 PM,C,7.662
12/8/13 3:54:01 PM,C,7.16
12/8/13 4:44:01 PM,C,7.16
12/8/13 5:34:01 PM,C,6.155
12/8/13 6:24:01 PM,C,5.149
12/8/13 7:14:01 PM,C,2.13
12/8/13 8:04:01 PM,C,2.13
12/8/13 8:54:01 PM,C,2.13
12/8/13 9:44:01 PM,C,2.633
12/8/13 10:34:01 PM,C,2.633
12/8/13 11:24:01 PM,C,2.633
12/9/13 12:14:01 AM,C,2.633
12/9/13 1:04:01 AM,C,3.64
12/9/13 1:54:01 AM,C,5.652
12/9/13 2:44:01 AM,C,5.149
12/9/13 3:34:01 AM,C,5.652
12/9/13 4:24:01 AM,C,6.155
12/9/13 5:14:01 AM,C,2.633
12/9/13 6:04:01 AM,C,5.652
12/9/13 6:54:01 AM,C,5.652
12/9/13 7:44:01 AM,C,5.149
12/9/13 8:34:01 AM,C,4.143
12/9/13 9:24:01 AM,C,3.64
12/9/13 10:14:01 AM,C,7.16
12/9/13 11:04:01 AM,C,9.672
12/9/13 11:54:01 AM,C,8.165
12/9/13 12:44:01 PM,C,8.667
12/9/13 1:34:01 PM,C,7.662
12/9/13 2:24:01 PM,C,6.657
12/9/13 3:14:01 PM,C,6.155
12/9/13 4:04:01 PM,C,4.646
12/9/13 4:54:01 PM,C,3.137
12/9/13 5:44:01 PM,C,3.64
12/9/13 6:34:01 PM,C,1.123
12/9/13 7:24:01 PM,C,0.116
12/9/13 8:14:01 PM,C,-0.387
12/9/13 9:04:01 PM,C,-0.387
12/9/13 9:54:01 PM,C,-1.395
12/9/13 10:44:01 PM,C,-1.395
12/9/13 11:34:01 PM,C,-1.395
12/10/13 12:24:01 AM,C,-1.899
12/10/13 1:14:01 AM,C,-1.899
12/10/13 2:04:01 AM,C,-0.387
12/10/13 2:54:01 AM,C,-0.891
12/10/13 3:44:01 AM,C,-2.403
12/10/13 4:34:01 AM,C,-2.403
12/10/13 5:24:01 AM,C,-2.403
12/10/13 6:14:01 AM,C,-1.899
12/10/13 7:04:01 AM,C,-1.395
12/10/13 7:54:01 AM,C,-0.891
12/10/13 8:44:01 AM,C,0.116
12/10/13 9:34:01 AM,C,0.62
12/10/13 10:24:01 AM,C,3.137
12/10/13 11:14:01 AM,C,7.662
12/10/13 12:04:01 PM,C,5.652
12/10/13 12:54:01 PM,C,7.662
12/10/13 1:44:01 PM,C,7.16
12/10/13 2:34:01 PM,C,6.155
12/10/13 3:24:01 PM,C,5.652
12/10/13 4:14:01 PM,C,5.149
12/10/13 5:04:01 PM,C,4.646
12/10/13 5:54:01 PM,C,4.646
12/10/13 6:44:01 PM,C,4.646
12/10/13 7:34:01 PM,C,4.646
12/10/13 8:24:01 PM,C,4.646
12/10/13 9:14:01 PM,C,4.646
12/10/13 10:04:01 PM,C,5.149
12/10/13 10:54:01 PM,C,5.149
12/10/13 11:44:01 PM,C,5.149
12/11/13 12:34:01 AM,C,5.652
12/11/13 1:24:01 AM,C,6.155
12/11/13 2:14:01 AM,C,6.155
12/11/13 3:04:01 AM,C,5.652
12/11/13 3:54:01 AM,C,6.155
12/11/13 4:44:01 AM,C,6.657
12/11/13 5:34:01 AM,C,5.149
12/11/13 6:24:01 AM,C,5.149
12/11/13 7:14:01 AM,C,5.149
12/11/13 8:04:01 AM,C,4.646
12/11/13 8:54:01 AM,C,5.652
12/11/13 9:44:01 AM,C,6.155
12/11/13 10:34:01 AM,C,7.662
12/11/13 11:24:01 AM,C,7.16
12/11/13 12:14:01 PM,C,7.16
12/11/13 1:04:01 PM,C,8.667
12/11/13 1:54:01 PM,C,7.16
12/11/13 2:44:01 PM,C,7.16
12/11/13 3:34:01 PM,C,6.155
12/11/13 4:24:01 PM,C,5.149
12/11/13 5:14:01 PM,C,6.155
12/11/13 6:04:01 PM,C,5.149
12/11/13 6:54:01 PM,C,6.657
12/11/13 7:44:01 PM,C,5.149
12/11/13 8:34:01 PM,C,1.627
12/11/13 9:24:01 PM,C,5.652
12/11/13 10:14:01 PM,C,6.155
12/11/13 11:04:01 PM,C,6.155
12/11/13 11:54:01 PM,C,5.652
12/12/13 12:44:01 AM,C,7.16
12/12/13 1:34:01 AM,C,4.143
12/12/13 2:24:01 AM,C,4.143
12/12/13 3:14:01 AM,C,5.652
12/12/13 4:04:01 AM,C,7.662
12/12/13 4:54:01 AM,C,8.667
12/12/13 5:44:01 AM,C,8.165
12/12/13 6:34:01 AM,C,8.667
12/12/13 7:24:01 AM,C,7.662
12/12/13 8:14:01 AM,C,6.155
12/12/13 9:04:01 AM,C,7.662
12/12/13 9:54:01 AM,C,9.672
12/12/13 10:44:01 AM,C,9.17
12/12/13 11:34:01 AM,C,11.179
12/12/13 12:24:01 PM,C,11.681
12/12/13 1:14:01 PM,C,12.182
12/12/13 2:04:01 PM,C,11.681
12/12/13 2:54:01 PM,C,10.676
12/12/13 3:44:01 PM,C,9.672
12/12/13 4:34:01 PM,C,9.17
12/12/13 5:24:01 PM,C,8.667
12/12/13 6:14:01 PM,C,7.16
12/12/13 7:04:01 PM,C,6.657
12/12/13 7:54:01 PM,C,8.165
12/12/13 8:44:01 PM,C,6.657
12/12/13 9:34:01 PM,C,7.662
12/12/13 10:24:01 PM,C,5.652
12/12/13 11:14:01 PM,C,5.149
12/13/13 12:04:01 AM,C,5.652
12/13/13 12:54:01 AM,C,4.646
12/13/13 1:44:01 AM,C,6.155
12/13/13 2:34:01 AM,C,5.149
12/13/13 3:24:01 AM,C,6.155
12/13/13 4:14:01 AM,C,6.657
12/13/13 5:04:01 AM,C,6.155
12/13/13 5:54:01 AM,C,5.652
12/13/13 6:44:01 AM,C,6.657
12/13/13 7:34:01 AM,C,6.155
12/13/13 8:24:01 AM,C,5.652
12/13/13 9:14:01 AM,C,5.652
12/13/13 10:04:01 AM,C,5.149
12/13/13 10:54:01 AM,C,5.149
12/13/13 11:44:01 AM,C,5.149
12/13/13 12:34:01 PM,C,5.149
12/13/13 1:24:01 PM,C,5.652
12/13/13 2:14:01 PM,C,5.149
12/13/13 3:04:01 PM,C,4.646
12/13/13 3:54:01 PM,C,4.143
12/13/13 4:44:01 PM,C,4.143
12/13/13 5:34:01 PM,C,3.64
12/13/13 6:24:01 PM,C,2.13
12/13/13 7:14:01 PM,C,0.62
12/13/13 8:04:01 PM,C,2.13
12/13/13 8:54:01 PM,C,2.13
12/13/13 9:44:01 PM,C,-0.387
12/13/13 10:34:01 PM,C,0.116
12/13/13 11:24:01 PM,C,0.62
12/14/13 12:14:01 AM,C,-1.395
12/14/13 1:04:01 AM,C,-1.395
12/14/13 1:54:01 AM,C,-1.899
12/14/13 2:44:01 AM,C,-1.395
12/14/13 3:34:01 AM,C,-1.899
12/14/13 4:24:01 AM,C,-1.395
12/14/13 5:14:01 AM,C,-1.395
12/14/13 6:04:01 AM,C,-1.395
12/14/13 6:54:01 AM,C,-1.899
12/14/13 7:44:01 AM,C,-0.891
12/14/13 8:34:01 AM,C,-1.899
12/14/13 9:24:01 AM,C,-2.403
12/14/13 10:14:01 AM,C,-0.387
12/14/13 11:04:01 AM,C,1.627
12/14/13 11:54:01 AM,C,1.627
12/14/13 12:44:01 PM,C,3.137
12/14/13 1:34:01 PM,C,2.13
12/14/13 2:24:01 PM,C,1.123
12/14/13 3:14:01 PM,C,0.116
12/14/13 4:04:01 PM,C,-0.387
12/14/13 4:54:01 PM,C,-1.899
12/14/13 5:44:01 PM,C,-2.403
12/14/13 6:34:01 PM,C,-3.411
12/14/13 7:24:01 PM,C,-3.411
12/14/13 8:14:01 PM,C,-3.411
12/14/13 9:04:01 PM,C,-3.411
12/14/13 9:54:01 PM,C,-3.411
12/14/13 10:44:01 PM,C,-3.411
12/14/13 11:34:01 PM,C,-2.907
12/15/13 12:24:01 AM,C,-2.907
12/15/13 1:14:01 AM,C,-2.907
12/15/13 2:04:01 AM,C,-2.907
12/15/13 2:54:01 AM,C,-2.907
12/15/13 3:44:01 AM,C,-2.907
12/15/13 4:34:01 AM,C,-2.907
12/15/13 5:24:01 AM,C,-3.411
12/15/13 6:14:01 AM,C,-2.907
12/15/13 7:04:01 AM,C,-2.403
12/15/13 7:54:01 AM,C,-1.899
12/15/13 8:44:01 AM,C,-0.891
12/15/13 9:34:01 AM,C,3.137
12/15/13 10:24:01 AM,C,3.64
12/15/13 11:14:01 AM,C,6.657
12/15/13 12:04:01 PM,C,4.646
12/15/13 12:54:01 PM,C,7.16
12/15/13 1:44:01 PM,C,6.155
12/15/13 2:34:01 PM,C,5.652
12/15/13 3:24:01 PM,C,4.646
12/15/13 4:14:01 PM,C,5.149
12/15/13 5:04:01 PM,C,1.627
12/15/13 5:54:01 PM,C,1.123
12/15/13 6:44:01 PM,C,2.633
12/15/13 7:34:01 PM,C,1.123
12/15/13 8:24:01 PM,C,2.13
12/15/13 9:14:01 PM,C,2.13
12/15/13 10:04:01 PM,C,3.137
12/15/13 10:54:01 PM,C,2.633
12/15/13 11:44:01 PM,C,4.143
12/16/13 12:34:01 AM,C,5.652
12/16/13 1:24:01 AM,C,3.137
12/16/13 2:14:01 AM,C,4.143
12/16/13 3:04:01 AM,C,7.662
12/16/13 3:54:01 AM,C,7.662
12/16/13 4:44:01 AM,C,7.662
12/16/13 5:34:01 AM,C,7.16
12/16/13 6:24:01 AM,C,6.155
12/16/13 7:14:01 AM,C,7.16
12/16/13 8:04:01 AM,C,5.149
12/16/13 8:54:01 AM,C,4.143
12/16/13 9:44:01 AM,C,6.657
12/16/13 10:34:01 AM,C,8.667
12/16/13 11:24:01 AM,C,9.672
12/16/13 12:14:01 PM,C,9.17
12/16/13 1:04:01 PM,C,10.676
12/16/13 1:54:01 PM,C,8.667
12/16/13 2:44:01 PM,C,9.672
12/16/13 3:34:01 PM,C,10.174
12/16/13 4:24:01 PM,C,8.165
12/16/13 5:14:01 PM,C,10.174
12/16/13 6:04:01 PM,C,6.155
12/16/13 6:54:01 PM,C,5.652
12/16/13 7:44:01 PM,C,6.155
12/16/13 8:34:01 PM,C,5.652
12/16/13 9:24:01 PM,C,6.155
12/16/13 10:14:01 PM,C,7.16
12/16/13 11:04:01 PM,C,5.149
12/16/13 11:54:01 PM,C,5.652
12/17/13 12:44:01 AM,C,5.652
12/17/13 1:34:01 AM,C,6.657
12/17/13 2:24:01 AM,C,7.16
12/17/13 3:14:01 AM,C,7.662
12/17/13 4:04:01 AM,C,6.657
12/17/13 4:54:01 AM,C,5.652
12/17/13 5:44:01 AM,C,4.143
12/17/13 6:34:01 AM,C,3.64
12/17/13 7:24:01 AM,C,3.137
12/17/13 8:14:01 AM,C,3.64
12/17/13 9:04:01 AM,C,4.143
12/17/13 9:54:01 AM,C,7.662
12/17/13 10:44:01 AM,C,8.165
12/17/13 11:34:01 AM,C,10.676
12/17/13 12:24:01 PM,C,10.676
12/17/13 1:14:01 PM,C,13.688
12/17/13 2:04:01 PM,C,10.174
12/17/13 2:54:01 PM,C,9.17
12/17/13 3:44:01 PM,C,8.165
12/17/13 4:34:01 PM,C,6.657
12/17/13 5:24:01 PM,C,6.155
12/17/13 6:14:01 PM,C,5.149
12/17/13 7:04:01 PM,C,4.646
12/17/13 7:54:01 PM,C,4.143
12/17/13 8:44:01 PM,C,4.143
12/17/13 9:34:01 PM,C,5.149
12/17/13 10:24:01 PM,C,4.143
12/17/13 11:14:01 PM,C,4.143
12/18/13 12:04:01 AM,C,4.646
12/18/13 12:54:01 AM,C,7.662
12/18/13 1:44:01 AM,C,7.16
12/18/13 2:34:01 AM,C,7.16
12/18/13 3:24:01 AM,C,7.662
12/18/13 4:14:01 AM,C,7.662
12/18/13 5:04:01 AM,C,7.16
12/18/13 5:54:01 AM,C,7.16
12/18/13 6:44:01 AM,C,7.662
12/18/13 7:34:01 AM,C,7.16
12/18/13 8:24:01 AM,C,7.662
12/18/13 9:14:01 AM,C,6.155
12/18/13 10:04:01 AM,C,8.667
12/18/13 10:54:01 AM,C,10.676
12/18/13 11:44:01 AM,C,11.681
12/18/13 12:34:01 PM,C,11.681
12/18/13 1:24:01 PM,C,11.681
12/18/13 2:14:01 PM,C,11.179
12/18/13 3:04:01 PM,C,11.179
12/18/13 3:54:01 PM,C,10.174
12/18/13 4:44:01 PM,C,10.676
12/18/13 5:34:01 PM,C,9.672
12/18/13 6:24:01 PM,C,8.667
12/18/13 7:14:01 PM,C,9.17
12/18/13 8:04:01 PM,C,9.672
12/18/13 8:54:01 PM,C,10.174
12/18/13 9:44:01 PM,C,10.174
12/18/13 10:34:01 PM,C,10.174
12/18/13 11:24:01 PM,C,10.676
12/19/13 12:14:01 AM,C,10.676
12/19/13 1:04:01 AM,C,10.676
12/19/13 1:54:01 AM,C,9.672
12/19/13 2:44:01 AM,C,9.672
12/19/13 3:34:01 AM,C,10.174
12/19/13 4:24:01 AM,C,7.662
12/19/13 5:14:01 AM,C,10.174
12/19/13 6:04:01 AM,C,9.672
12/19/13 6:54:01 AM,C,10.174
12/19/13 7:44:01 AM,C,9.672
12/19/13 8:34:01 AM,C,10.174
12/19/13 9:24:01 AM,C,10.676
12/19/13 10:14:01 AM,C,11.179
12/19/13 11:04:01 AM,C,11.681
12/19/13 11:54:01 AM,C,12.182
12/19/13 12:44:01 PM,C,13.688
12/19/13 1:34:01 PM,C,13.688
12/19/13 2:24:01 PM,C,12.684
12/19/13 3:14:01 PM,C,12.684
12/19/13 4:04:01 PM,C,12.684
12/19/13 4:54:01 PM,C,11.681
12/19/13 5:44:01 PM,C,11.681
12/19/13 6:34:01 PM,C,8.667
12/19/13 7:24:01 PM,C,8.667
12/19/13 8:14:01 PM,C,8.667
12/19/13 9:04:01 PM,C,11.179
12/19/13 9:54:01 PM,C,11.179
12/19/13 10:44:01 PM,C,10.174
12/19/13 11:34:01 PM,C,9.672
12/20/13 12:24:01 AM,C,8.667
12/20/13 1:14:01 AM,C,7.662
12/20/13 2:04:01 AM,C,7.16
12/20/13 2:54:01 AM,C,7.662
12/20/13 3:44:01 AM,C,7.16
12/20/13 4:34:01 AM,C,7.662
12/20/13 5:24:01 AM,C,8.165
12/20/13 6:14:01 AM,C,6.657
12/20/13 7:04:01 AM,C,6.155
12/20/13 7:54:01 AM,C,5.652
12/20/13 8:44:01 AM,C,6.155
12/20/13 9:34:01 AM,C,6.657
12/20/13 10:24:01 AM,C,6.657
12/20/13 11:14:01 AM,C,7.16
12/20/13 12:04:01 PM,C,6.657
12/20/13 12:54:01 PM,C,7.16
12/20/13 1:44:01 PM,C,7.662
12/20/13 2:34:01 PM,C,7.16
12/20/13 3:24:01 PM,C,6.657
12/20/13 4:14:01 PM,C,6.155
12/20/13 5:04:01 PM,C,5.149
12/20/13 5:54:01 PM,C,4.646
12/20/13 6:44:01 PM,C,4.646
12/20/13 7:34:01 PM,C,4.646
12/20/13 8:24:01 PM,C,4.646
12/20/13 9:14:01 PM,C,4.646
12/20/13 10:04:01 PM,C,4.646
12/20/13 10:54:01 PM,C,4.646
12/20/13 11:44:01 PM,C,4.646
12/21/13 12:34:01 AM,C,4.143
12/21/13 1:24:01 AM,C,4.143
12/21/13 2:14:01 AM,C,0.116
12/21/13 3:04:01 AM,C,-0.387
12/21/13 3:54:01 AM,C,-0.891
12/21/13 4:44:01 AM,C,-2.403
12/21/13 5:34:01 AM,C,-3.411
12/21/13 6:24:01 AM,C,-3.411
12/21/13 7:14:01 AM,C,-3.411
12/21/13 8:04:01 AM,C,-3.915
12/21/13 8:54:01 AM,C,-3.411
12/21/13 9:44:01 AM,C,-3.411
12/21/13 10:34:01 AM,C,-3.411
12/21/13 11:24:01 AM,C,-2.403
12/21/13 12:14:01 PM,C,-1.395
12/21/13 1:04:01 PM,C,-0.891
12/21/13 1:54:01 PM,C,-0.387
12/21/13 2:44:01 PM,C,-0.387
12/21/13 3:34:01 PM,C,0.116
12/21/13 4:24:01 PM,C,0.62
12/21/13 5:14:01 PM,C,0.116
12/21/13 6:04:01 PM,C,0.116
12/21/13 6:54:01 PM,C,-0.387
12/21/13 7:44:01 PM,C,-0.891
12/21/13 8:34:01 PM,C,-0.891
12/21/13 9:24:01 PM,C,-0.891
12/21/13 10:14:01 PM,C,-0.891
12/21/13 11:04:01 PM,C,-0.891
12/21/13 11:54:01 PM,C,-0.891
12/22/13 12:44:01 AM,C,-1.395
12/22/13 1:34:01 AM,C,-1.395
12/22/13 2:24:01 AM,C,-1.395
12/22/13 3:14:01 AM,C,-1.899
12/22/13 4:04:01 AM,C,-1.899
12/22/13 4:54:01 AM,C,-1.899
12/22/13 5:44:01 AM,C,-1.899
12/22/13 6:34:01 AM,C,-1.899
12/22/13 7:24:01 AM,C,-1.899
12/22/13 8:14:01 AM,C,-1.899
12/22/13 9:04:01 AM,C,-1.899
12/22/13 9:54:01 AM,C,-0.891
12/22/13 10:44:01 AM,C,-0.387
12/22/13 11:34:01 AM,C,0.62
12/22/13 12:24:01 PM,C,1.123
12/22/13 1:14:01 PM,C,1.123
12/22/13 2:04:01 PM,C,0.62
12/22/13 2:54:01 PM,C,0.62
12/22/13 3:44:01 PM,C,0.62
12/22/13 4:34:01 PM,C,0.116
12/22/13 5:24:01 PM,C,-0.891
12/22/13 6:14:01 PM,C,-1.899
12/22/13 7:04:01 PM,C,-2.403
12/22/13 7:54:01 PM,C,-2.907
12/22/13 8:44:01 PM,C,-3.411
12/22/13 9:34:01 PM,C,-3.411
12/22/13 10:24:01 PM,C,-3.915
12/22/13 11:14:01 PM,C,-3.915
12/23/13 12:04:01 AM,C,-3.915
12/23/13 12:54:01 AM,C,-4.419
12/23/13 1:44:01 AM,C,-4.419
12/23/13 2:34:01 AM,C,-4.419
12/23/13 3:24:01 AM,C,-4.419
12/23/13 4:14:01 AM,C,-4.419
12/23/13 5:04:01 AM,C,-4.924
12/23/13 5:54:01 AM,C,-4.419
12/23/13 6:44:01 AM,C,-4.419
12/23/13 7:34:01 AM,C,-4.419
12/23/13 8:24:01 AM,C,-3.915
12/23/13 9:14:01 AM,C,-2.403
12/23/13 10:04:01 AM,C,2.13
12/23/13 10:54:01 AM,C,3.64
12/23/13 11:44:01 AM,C,4.143
12/23/13 12:34:01 PM,C,4.143
12/23/13 1:24:01 PM,C,5.652
12/23/13 2:14:01 PM,C,4.143
12/23/13 3:04:01 PM,C,2.633
12/23/13 3:54:01 PM,C,1.123
12/23/13 4:44:01 PM,C,0.62
12/23/13 5:34:01 PM,C,0.116
12/23/13 6:24:01 PM,C,0.116
12/23/13 7:14:01 PM,C,-0.891
12/23/13 8:04:01 PM,C,-0.387
12/23/13 8:54:01 PM,C,-0.891
12/23/13 9:44:01 PM,C,0.116
12/23/13 10:34:01 PM,C,-0.891
12/23/13 11:24:01 PM,C,-2.403
12/24/13 12:14:01 AM,C,1.123
12/24/13 1:04:01 AM,C,3.137
12/24/13 1:54:01 AM,C,4.646
12/24/13 2:44:01 AM,C,2.633
12/24/13 3:34:01 AM,C,3.137
12/24/13 4:24:01 AM,C,3.137
12/24/13 5:14:01 AM,C,2.633
12/24/13 6:04:01 AM,C,2.633
12/24/13 6:54:01 AM,C,2.13
12/24/13 7:44:01 AM,C,2.633
12/24/13 8:34:01 AM,C,3.137
12/24/13 9:24:01 AM,C,3.64
12/24/13 10:14:01 AM,C,8.667
12/24/13 11:04:01 AM,C,8.165
12/24/13 11:54:01 AM,C,6.657
12/24/13 12:44:01 PM,C,7.16
12/24/13 1:34:01 PM,C,6.657
12/24/13 2:24:01 PM,C,6.657
12/24/13 3:14:01 PM,C,7.16
12/24/13 4:04:01 PM,C,6.155
12/24/13 4:54:01 PM,C,6.155
12/24/13 5:44:01 PM,C,6.155
12/24/13 6:34:01 PM,C,5.652
12/24/13 7:24:01 PM,C,6.657
12/24/13 8:14:01 PM,C,5.652
12/24/13 9:04:01 PM,C,5.652
12/24/13 9:54:01 PM,C,6.657
12/24/13 10:44:01 PM,C,7.16
12/24/13 11:34:01 PM,C,6.657
12/25/13 12:24:01 AM,C,6.155
12/25/13 1:14:01 AM,C,4.646
12/25/13 2:04:01 AM,C,2.13
12/25/13 2:54:01 AM,C,1.627
12/25/13 3:44:01 AM,C,0.116
12/25/13 4:34:01 AM,C,0.62
12/25/13 5:24:01 AM,C,-1.395
12/25/13 6:14:01 AM,C,-2.403
12/25/13 7:04:01 AM,C,-3.411
12/25/13 7:54:01 AM,C,-3.915
12/25/13 8:44:01 AM,C,-3.411
12/25/13 9:34:01 AM,C,-1.899
12/25/13 10:24:01 AM,C,-0.387
12/25/13 11:14:01 AM,C,1.627
12/25/13 12:04:01 PM,C,0.62
12/25/13 12:54:01 PM,C,4.143
12/25/13 1:44:01 PM,C,2.13
12/25/13 2:34:01 PM,C,2.13
12/25/13 3:24:01 PM,C,1.123
12/25/13 4:14:01 PM,C,0.116
12/25/13 5:04:01 PM,C,-0.387
12/25/13 5:54:01 PM,C,-1.395
12/25/13 6:44:01 PM,C,-1.899
12/25/13 7:34:01 PM,C,-1.899
12/25/13 8:24:01 PM,C,-2.403
12/25/13 9:14:01 PM,C,-2.907
12/25/13 10:04:01 PM,C,-3.411
12/25/13 10:54:01 PM,C,-3.915
12/25/13 11:44:01 PM,C,-2.907
12/26/13 12:34:01 AM,C,-2.403
12/26/13 1:24:01 AM,C,-2.907
12/26/13 2:14:01 AM,C,-3.411
12/26/13 3:04:01 AM,C,-2.907
12/26/13 3:54:01 AM,C,-2.907
12/26/13 4:44:01 AM,C,-2.403
12/26/13 5:34:01 AM,C,-2.403
12/26/13 6:24:01 AM,C,-3.915
12/26/13 7:14:01 AM,C,-3.915
12/26/13 8:04:01 AM,C,-4.419
12/26/13 8:54:01 AM,C,-3.915
12/26/13 9:44:01 AM,C,-2.907
12/26/13 10:34:01 AM,C,-1.395
12/26/13 11:24:01 AM,C,3.64
12/26/13 12:14:01 PM,C,1.627
12/26/13 1:04:01 PM,C,4.646
12/26/13 1:54:01 PM,C,4.143
12/26/13 2:44:01 PM,C,3.137
12/26/13 3:34:01 PM,C,1.627
12/26/13 4:24:01 PM,C,1.627
12/26/13 5:14:01 PM,C,0.62
12/26/13 6:04:01 PM,C,-0.387
12/26/13 6:54:01 PM,C,-1.395
12/26/13 7:44:01 PM,C,-1.395
12/26/13 8:34:01 PM,C,-1.899
12/26/13 9:24:01 PM,C,-2.403
12/26/13 10:14:01 PM,C,-2.907
12/26/13 11:04:01 PM,C,-1.395
12/26/13 11:54:01 PM,C,-0.891
12/27/13 12:44:01 AM,C,-0.891
12/27/13 1:34:01 AM,C,-1.395
12/27/13 2:24:01 AM,C,-0.891
12/27/13 3:14:01 AM,C,-2.907
12/27/13 4:04:01 AM,C,-2.907
12/27/13 4:54:01 AM,C,-2.403
12/27/13 5:44:01 AM,C,-2.403
12/27/13 6:34:01 AM,C,-2.403
12/27/13 7:24:01 AM,C,-2.907
12/27/13 8:14:01 AM,C,-2.907
12/27/13 9:04:01 AM,C,-1.899
12/27/13 9:54:01 AM,C,-0.387
12/27/13 10:44:01 AM,C,1.123
12/27/13 11:34:01 AM,C,4.646
12/27/13 12:24:01 PM,C,3.64
12/27/13 1:14:01 PM,C,6.155
12/27/13 2:04:01 PM,C,4.143
12/27/13 2:54:01 PM,C,5.149
12/27/13 3:44:01 PM,C,5.149
12/27/13 4:34:01 PM,C,4.143
12/27/13 5:24:01 PM,C,2.633
12/27/13 6:14:01 PM,C,0.62
12/27/13 7:04:01 PM,C,-0.387
12/27/13 7:54:01 PM,C,-1.395
12/27/13 8:44:01 PM,C,-0.387
12/27/13 9:34:01 PM,C,0.62
12/27/13 10:24:01 PM,C,-1.395
12/27/13 11:14:01 PM,C,-1.395
12/28/13 12:04:01 AM,C,-0.387
12/28/13 12:54:01 AM,C,0.116
12/28/13 1:44:01 AM,C,-0.891
12/28/13 2:34:01 AM,C,-0.891
12/28/13 3:24:01 AM,C,-0.891
12/28/13 4:14:01 AM,C,-0.387
12/28/13 5:04:01 AM,C,0.116
12/28/13 5:54:01 AM,C,0.62
12/28/13 6:44:01 AM,C,0.62
12/28/13 7:34:01 AM,C,0.116
12/28/13 8:24:01 AM,C,0.116
12/28/13 9:14:01 AM,C,0.62
12/28/13 10:04:01 AM,C,2.633
12/28/13 10:54:01 AM,C,3.137
12/28/13 11:44:01 AM,C,4.646
12/28/13 12:34:01 PM,C,3.64
12/28/13 1:24:01 PM,C,4.143
12/28/13 2:14:01 PM,C,4.143
12/28/13 3:04:01 PM,C,3.64
12/28/13 3:54:01 PM,C,3.137
12/28/13 4:44:01 PM,C,3.137
12/28/13 5:34:01 PM,C,3.137
12/28/13 6:24:01 PM,C,2.633
12/28/13 7:14:01 PM,C,3.137
12/28/13 8:04:01 PM,C,3.64
12/28/13 8:54:01 PM,C,3.64
12/28/13 9:44:01 PM,C,3.64
12/28/13 10:34:01 PM,C,4.646
12/28/13 11:24:01 PM,C,2.633
12/29/13 12:14:01 AM,C,2.633
12/29/13 1:04:01 AM,C,2.633
12/29/13 1:54:01 AM,C,2.633
12/29/13 2:44:01 AM,C,2.633
12/29/13 3:34:01 AM,C,3.137
12/29/13 4:24:01 AM,C,2.633
12/29/13 5:14:01 AM,C,1.627
12/29/13 6:04:01 AM,C,1.123
12/29/13 6:54:01 AM,C,0.62
12/29/13 7:44:01 AM,C,0.62
12/29/13 8:34:01 AM,C,-1.899
12/29/13 9:24:01 AM,C,-1.395
12/29/13 10:14:01 AM,C,3.137
12/29/13 11:04:01 AM,C,2.633
12/29/13 11:54:01 AM,C,1.123
12/29/13 12:44:01 PM,C,3.137
12/29/13 1:34:01 PM,C,1.123
12/29/13 2:24:01 PM,C,0.62
12/29/13 3:14:01 PM,C,-0.387
12/29/13 4:04:01 PM,C,-1.395
12/29/13 4:54:01 PM,C,-1.899
12/29/13 5:44:01 PM,C,-2.907
12/29/13 6:34:01 PM,C,-3.915
12/29/13 7:24:01 PM,C,-2.907
12/29/13 8:14:01 PM,C,-1.899
12/29/13 9:04:01 PM,C,-1.395
12/29/13 9:54:01 PM,C,-1.395
12/29/13 10:44:01 PM,C,-0.387
12/29/13 11:34:01 PM,C,-0.891
12/30/13 12:24:01 AM,C,-1.395
12/30/13 1:14:01 AM,C,-1.395
12/30/13 2:04:01 AM,C,-1.899
12/30/13 2:54:01 AM,C,-1.395
12/30/13 3:44:01 AM,C,-1.899
12/30/13 4:34:01 AM,C,-1.899
12/30/13 5:24:01 AM,C,-1.899
12/30/13 6:14:01 AM,C,-1.899
12/30/13 7:04:01 AM,C,-1.395
12/30/13 7:54:01 AM,C,-1.395
12/30/13 8:44:01 AM,C,-1.395
12/30/13 9:34:01 AM,C,0.62
12/30/13 10:24:01 AM,C,3.64
12/30/13 11:14:01 AM,C,7.16
12/30/13 12:04:01 PM,C,4.646
12/30/13 12:54:01 PM,C,7.16
12/30/13 1:44:01 PM,C,5.652
12/30/13 2:34:01 PM,C,4.646
12/30/13 3:24:01 PM,C,3.137
12/30/13 4:14:01 PM,C,2.13
12/30/13 5:04:01 PM,C,0.62
12/30/13 5:54:01 PM,C,0.116
12/30/13 6:44:01 PM,C,-0.387
12/30/13 7:34:01 PM,C,-0.387
12/30/13 8:24:01 PM,C,-0.891
12/30/13 9:14:01 PM,C,-0.891
12/30/13 10:04:01 PM,C,-1.395
12/30/13 10:54:01 PM,C,-1.899
12/30/13 11:44:01 PM,C,-1.899
12/31/13 12:34:01 AM,C,-1.899
12/31/13 1:24:01 AM,C,-2.403
12/31/13 2:14:01 AM,C,-2.403
12/31/13 3:04:01 AM,C,-2.403
12/31/13 3:54:01 AM,C,-1.395
12/31/13 4:44:01 AM,C,-0.387
12/31/13 5:34:01 AM,C,2.13
12/31/13 6:24:01 AM,C,1.627
12/31/13 7:14:01 AM,C,2.13
12/31/13 8:04:01 AM,C,2.633
12/31/13 8:54:01 AM,C,2.633
12/31/13 9:44:01 AM,C,3.64
12/31/13 10:34:01 AM,C,4.646
12/31/13 11:24:01 AM,C,7.662
12/31/13 12:14:01 PM,C,6.155
12/31/13 1:04:01 PM,C,7.16
12/31/13 1:54:01 PM,C,6.155
12/31/13 2:44:01 PM,C,6.155
12/31/13 3:34:01 PM,C,5.149
12/31/13 4:24:01 PM,C,4.646
12/31/13 5:14:01 PM,C,4.646
12/31/13 6:04:01 PM,C,3.64
12/31/13 6:54:01 PM,C,3.64
12/31/13 7:44:01 PM,C,3.64
12/31/13 8:34:01 PM,C,4.646
12/31/13 9:24:01 PM,C,4.646
12/31/13 10:14:01 PM,C,5.149
12/31/13 11:04:01 PM,C,3.137
12/31/13 11:54:01 PM,C,3.64
1/1/14 12:44:01 AM,C,4.143
1/1/14 1:34:01 AM,C,4.143
1/1/14 2:24:01 AM,C,3.64
1/1/14 3:14:01 AM,C,4.143
1/1/14 4:04:01 AM,C,4.143
1/1/14 4:54:01 AM,C,4.143
1/1/14 5:44:01 AM,C,4.143
1/1/14 6:34:01 AM,C,4.646
1/1/14 7:24:01 AM,C,5.652
1/1/14 8:14:01 AM,C,3.64
1/1/14 9:04:01 AM,C,3.137
1/1/14 9:54:01 AM,C,6.155
1/1/14 10:44:01 AM,C,7.662
1/1/14 11:34:01 AM,C,10.676
1/1/14 12:24:01 PM,C,9.672
1/1/14 1:14:01 PM,C,9.672
1/1/14 2:04:01 PM,C,8.165
1/1/14 2:54:01 PM,C,6.657
1/1/14 3:44:01 PM,C,5.652
1/1/14 4:34:01 PM,C,4.646
1/1/14 5:24:01 PM,C,3.64
1/1/14 6:14:01 PM,C,3.137
1/1/14 7:04:01 PM,C,2.633
1/1/14 7:54:01 PM,C,1.627
1/1/14 8:44:01 PM,C,2.633
1/1/14 9:34:01 PM,C,3.137
1/1/14 10:24:01 PM,C,4.646
1/1/14 11:14:01 PM,C,3.64
1/2/14 12:04:01 AM,C,0.116
1/2/14 12:54:01 AM,C,-0.891
1/2/14 1:44:01 AM,C,-1.395
1/2/14 2:34:01 AM,C,-2.403
1/2/14 3:24:01 AM,C,-2.403
1/2/14 4:14:01 AM,C,-2.907
1/2/14 5:04:01 AM,C,-3.411
1/2/14 5:54:01 AM,C,-1.899
1/2/14 6:44:01 AM,C,-1.899
1/2/14 7:34:01 AM,C,-0.891
1/2/14 8:24:01 AM,C,-1.395
1/2/14 9:14:01 AM,C,-1.395
1/2/14 10:04:01 AM,C,1.627
1/2/14 10:54:01 AM,C,1.627
1/2/14 11:44:01 AM,C,6.155
1/2/14 12:34:01 PM,C,5.149
1/2/14 1:24:01 PM,C,7.662
1/2/14 2:14:01 PM,C,4.646
1/2/14 3:04:01 PM,C,3.137
1/2/14 3:54:01 PM,C,2.633
1/2/14 4:44:01 PM,C,2.13
1/2/14 5:34:01 PM,C,1.123
1/2/14 6:24:01 PM,C,0.116
1/2/14 7:14:01 PM,C,0.62
1/2/14 8:04:01 PM,C,-0.891
1/2/14 8:54:01 PM,C,-0.387
1/2/14 9:44:01 PM,C,2.13
1/2/14 10:34:01 PM,C,4.646
1/2/14 11:24:01 PM,C,4.646
1/3/14 12:14:01 AM,C,4.143
1/3/14 1:04:01 AM,C,4.143
1/3/14 1:54:01 AM,C,3.64
1/3/14 2:44:01 AM,C,3.64
1/3/14 3:34:01 AM,C,3.137
1/3/14 4:24:01 AM,C,3.137
1/3/14 5:14:01 AM,C,3.137
1/3/14 6:04:01 AM,C,3.137
1/3/14 6:54:01 AM,C,3.137
1/3/14 7:44:01 AM,C,3.137
1/3/14 8:34:01 AM,C,3.137
1/3/14 9:24:01 AM,C,3.137
1/3/14 10:14:01 AM,C,8.165
1/3/14 11:04:01 AM,C,6.657
1/3/14 11:54:01 AM,C,7.662
1/3/14 12:44:01 PM,C,6.657
1/3/14 1:34:01 PM,C,7.16
1/3/14 2:24:01 PM,C,7.662
1/3/14 3:14:01 PM,C,7.662
1/3/14 4:04:01 PM,C,7.16
1/3/14 4:54:01 PM,C,7.16
1/3/14 5:44:01 PM,C,6.657
1/3/14 6:34:01 PM,C,7.16
1/3/14 7:24:01 PM,C,7.16
1/3/14 8:14:01 PM,C,8.165
1/3/14 9:04:01 PM,C,8.165
1/3/14 9:54:01 PM,C,8.165
1/3/14 10:44:01 PM,C,7.662
1/3/14 11:34:01 PM,C,7.662
1/4/14 12:24:01 AM,C,6.657
1/4/14 1:14:01 AM,C,6.155
1/4/14 2:04:01 AM,C,7.16
1/4/14 2:54:01 AM,C,7.16
1/4/14 3:44:01 AM,C,7.16
1/4/14 4:34:01 AM,C,6.657
1/4/14 5:24:01 AM,C,7.16
1/4/14 6:14:01 AM,C,7.662
1/4/14 7:04:01 AM,C,7.662
1/4/14 7:54:01 AM,C,7.16
1/4/14 8:44:01 AM,C,7.16
1/4/14 9:34:01 AM,C,7.16
1/4/14 10:24:01 AM,C,7.662
1/4/14 11:14:01 AM,C,9.17
1/4/14 12:04:01 PM,C,9.672
1/4/14 12:54:01 PM,C,10.174
1/4/14 1:44:01 PM,C,10.174
1/4/14 2:34:01 PM,C,9.17
1/4/14 3:24:01 PM,C,9.672
1/4/14 4:14:01 PM,C,9.17
1/4/14 5:04:01 PM,C,8.667
1/4/14 5:54:01 PM,C,8.667
1/4/14 6:44:01 PM,C,8.667
1/4/14 7:34:01 PM,C,8.667
1/4/14 8:24:01 PM,C,8.667
1/4/14 9:14:01 PM,C,8.667
1/4/14 10:04:01 PM,C,8.667
1/4/14 10:54:01 PM,C,8.165
1/4/14 11:44:01 PM,C,8.165
1/5/14 12:34:01 AM,C,7.16
1/5/14 1:24:01 AM,C,6.155
1/5/14 2:14:01 AM,C,5.652
1/5/14 3:04:01 AM,C,4.646
1/5/14 3:54:01 AM,C,4.143
1/5/14 4:44:01 AM,C,3.137
1/5/14 5:34:01 AM,C,1.123
1/5/14 6:24:01 AM,C,1.123
1/5/14 7:14:01 AM,C,2.13
1/5/14 8:04:01 AM,C,1.627
1/5/14 8:54:01 AM,C,2.633
1/5/14 9:44:01 AM,C,1.123
1/5/14 10:34:01 AM,C,1.123
1/5/14 11:24:01 AM,C,5.652
1/5/14 12:14:01 PM,C,4.646
1/5/14 1:04:01 PM,C,6.657
1/5/14 1:54:01 PM,C,4.646
1/5/14 2:44:01 PM,C,4.646
1/5/14 3:34:01 PM,C,3.64
1/5/14 4:24:01 PM,C,3.137
1/5/14 5:14:01 PM,C,0.62
1/5/14 6:04:01 PM,C,-0.387
1/5/14 6:54:01 PM,C,-2.403
1/5/14 7:44:01 PM,C,-2.907
1/5/14 8:34:01 PM,C,-2.907
1/5/14 9:24:01 PM,C,-2.403
1/5/14 10:14:01 PM,C,-2.403
1/5/14 11:04:01 PM,C,-2.907
1/5/14 11:54:01 PM,C,-2.907
1/6/14 12:44:01 AM,C,-3.411
1/6/14 1:34:01 AM,C,-3.411
1/6/14 2:24:01 AM,C,-3.411
1/6/14 3:14:01 AM,C,-3.411
1/6/14 4:04:01 AM,C,-4.924
1/6/14 4:54:01 AM,C,-4.419
1/6/14 5:44:01 AM,C,-3.915
1/6/14 6:34:01 AM,C,-3.915
1/6/14 7:24:01 AM,C,-4.419
1/6/14 8:14:01 AM,C,-4.924
1/6/14 9:04:01 AM,C,-3.411
1/6/14 9:54:01 AM,C,-3.411
1/6/14 10:44:01 AM,C,1.123
1/6/14 11:34:01 AM,C,5.652
1/6/14 12:24:01 PM,C,2.633
1/6/14 1:14:01 PM,C,6.155
1/6/14 2:04:01 PM,C,1.627
1/6/14 2:54:01 PM,C,2.13
1/6/14 3:44:01 PM,C,-0.387
1/6/14 4:34:01 PM,C,-1.395
1/6/14 5:24:01 PM,C,-2.403
1/6/14 6:14:01 PM,C,-4.419
1/6/14 7:04:01 PM,C,-3.411
1/6/14 7:54:01 PM,C,-3.915
1/6/14 8:44:01 PM,C,-3.915
1/6/14 9:34:01 PM,C,-3.411
1/6/14 10:24:01 PM,C,-2.907
1/6/14 11:14:01 PM,C,-2.907
1/7/14 12:04:01 AM,C,-0.891
1/7/14 12:54:01 AM,C,-0.891
1/7/14 1:44:01 AM,C,0.116
1/7/14 2:34:01 AM,C,0.116
1/7/14 3:24:01 AM,C,0.116
1/7/14 4:14:01 AM,C,0.62
1/7/14 5:04:01 AM,C,0.62
1/7/14 5:54:01 AM,C,0.62
1/7/14 6:44:01 AM,C,1.627
1/7/14 7:34:01 AM,C,2.13
1/7/14 8:24:01 AM,C,2.633
1/7/14 9:14:01 AM,C,2.633
1/7/14 10:04:01 AM,C,4.646
1/7/14 10:54:01 AM,C,5.149
1/7/14 11:44:01 AM,C,7.662
1/7/14 12:34:01 PM,C,6.155
1/7/14 1:24:01 PM,C,7.16
1/7/14 2:14:01 PM,C,5.149
1/7/14 3:04:01 PM,C,5.652
1/7/14 3:54:01 PM,C,5.149
1/7/14 4:44:01 PM,C,5.652
1/7/14 5:34:01 PM,C,5.149
1/7/14 6:24:01 PM,C,4.646
1/7/14 7:14:01 PM,C,4.646
1/7/14 8:04:01 PM,C,4.143
1/7/14 8:54:01 PM,C,4.646
1/7/14 9:44:01 PM,C,5.149
1/7/14 10:34:01 PM,C,4.646
1/7/14 11:24:01 PM,C,3.64
1/8/14 12:14:01 AM,C,4.646
1/8/14 1:04:01 AM,C,5.149
1/8/14 1:54:01 AM,C,6.155
1/8/14 2:44:01 AM,C,5.652
1/8/14 3:34:01 AM,C,6.155
1/8/14 4:24:01 AM,C,6.657
1/8/14 5:14:01 AM,C,5.652
1/8/14 6:04:01 AM,C,5.652
1/8/14 6:54:01 AM,C,4.646
1/8/14 7:44:01 AM,C,5.149
1/8/14 8:34:01 AM,C,4.143
1/8/14 9:24:01 AM,C,5.652
1/8/14 10:14:01 AM,C,5.652
1/8/14 11:04:01 AM,C,10.174
1/8/14 11:54:01 AM,C,10.676
1/8/14 12:44:01 PM,C,8.667
1/8/14 1:34:01 PM,C,9.17
1/8/14 2:24:01 PM,C,8.667
1/8/14 3:14:01 PM,C,7.662
1/8/14 4:04:01 PM,C,6.657
1/8/14 4:54:01 PM,C,6.657
1/8/14 5:44:01 PM,C,6.657
1/8/14 6:34:01 PM,C,5.149
1/8/14 7:24:01 PM,C,6.155
1/8/14 8:14:01 PM,C,5.149
1/8/14 9:04:01 PM,C,6.155
1/8/14 9:54:01 PM,C,4.143
1/8/14 10:44:01 PM,C,5.652
1/8/14 11:34:01 PM,C,3.64
1/9/14 12:24:01 AM,C,4.646
1/9/14 1:14:01 AM,C,4.646
1/9/14 2:04:01 AM,C,4.143
1/9/14 2:54:01 AM,C,3.64
1/9/14 3:44:01 AM,C,3.137
1/9/14 4:34:01 AM,C,5.149
1/9/14 5:24:01 AM,C,1.627
1/9/14 6:14:01 AM,C,1.123
1/9/14 7:04:01 AM,C,0.62
1/9/14 7:54:01 AM,C,0.62
1/9/14 8:44:01 AM,C,2.633
1/9/14 9:34:01 AM,C,4.646
1/9/14 10:24:01 AM,C,9.672
1/9/14 11:14:01 AM,C,12.182
1/9/14 12:04:01 PM,C,9.672
1/9/14 12:54:01 PM,C,11.179
1/9/14 1:44:01 PM,C,10.676
1/9/14 2:34:01 PM,C,10.676
1/9/14 3:24:01 PM,C,8.667
1/9/14 4:14:01 PM,C,7.662
1/9/14 5:04:01 PM,C,8.165
1/9/14 5:54:01 PM,C,6.155
1/9/14 6:44:01 PM,C,4.646
1/9/14 7:34:01 PM,C,4.646
1/9/14 8:24:01 PM,C,5.652
1/9/14 9:14:01 PM,C,4.646
1/9/14 10:04:01 PM,C,4.646
1/9/14 10:54:01 PM,C,6.657
1/9/14 11:44:01 PM,C,7.16
1/10/14 12:34:01 AM,C,7.16
1/10/14 1:24:01 AM,C,6.155
1/10/14 2:14:01 AM,C,4.646
1/10/14 3:04:01 AM,C,4.143
1/10/14 3:54:01 AM,C,4.646
1/10/14 4:44:01 AM,C,4.646
1/10/14 5:34:01 AM,C,4.646
1/10/14 6:24:01 AM,C,4.646
1/10/14 7:14:01 AM,C,3.64
1/10/14 8:04:01 AM,C,3.64
1/10/14 8:54:01 AM,C,3.137
1/10/14 9:44:01 AM,C,3.64
1/10/14 10:34:01 AM,C,4.646
1/10/14 11:24:01 AM,C,7.16
1/10/14 12:14:01 PM,C,5.652
1/10/14 1:04:01 PM,C,9.672
1/10/14 1:54:01 PM,C,6.657
1/10/14 2:44:01 PM,C,6.657
1/10/14 3:34:01 PM,C,6.155
1/10/14 4:24:01 PM,C,6.155
1/10/14 5:14:01 PM,C,6.155
1/10/14 6:04:01 PM,C,6.657
1/10/14 6:54:01 PM,C,6.657
1/10/14 7:44:01 PM,C,6.657
1/10/14 8:34:01 PM,C,5.652
1/10/14 9:24:01 PM,C,3.64
1/10/14 10:14:01 PM,C,6.155
1/10/14 11:04:01 PM,C,3.64
1/10/14 11:54:01 PM,C,4.646
1/11/14 12:44:01 AM,C,5.149
1/11/14 1:34:01 AM,C,4.143
1/11/14 2:24:01 AM,C,2.633
1/11/14 3:14:01 AM,C,4.143
1/11/14 4:04:01 AM,C,1.123
1/11/14 4:54:01 AM,C,1.123
1/11/14 5:44:01 AM,C,1.123
1/11/14 6:34:01 AM,C,1.123
1/11/14 7:24:01 AM,C,0.62
1/11/14 8:14:01 AM,C,1.123
1/11/14 9:04:01 AM,C,2.633
1/11/14 9:54:01 AM,C,4.143
1/11/14 10:44:01 AM,C,8.667
1/11/14 11:34:01 AM,C,12.182
1/11/14 12:24:01 PM,C,11.681
1/11/14 1:14:01 PM,C,14.189
1/11/14 2:04:01 PM,C,11.179
1/11/14 2:54:01 PM,C,11.179
1/11/14 3:44:01 PM,C,10.174
1/11/14 4:34:01 PM,C,10.174
1/11/14 5:24:01 PM,C,9.17
1/11/14 6:14:01 PM,C,9.672
1/11/14 7:04:01 PM,C,9.17
1/11/14 7:54:01 PM,C,8.667
1/11/14 8:44:01 PM,C,9.17
1/11/14 9:34:01 PM,C,9.17
1/11/14 10:24:01 PM,C,9.17
1/11/14 11:14:01 PM,C,9.17
1/12/14 12:04:01 AM,C,9.17
1/12/14 12:54:01 AM,C,7.662
1/12/14 1:44:01 AM,C,6.155
1/12/14 2:34:01 AM,C,4.646
1/12/14 3:24:01 AM,C,4.143
1/12/14 4:14:01 AM,C,4.646
1/12/14 5:04:01 AM,C,5.149
1/12/14 5:54:01 AM,C,7.662
1/12/14 6:44:01 AM,C,7.662
1/12/14 7:34:01 AM,C,6.657
1/12/14 8:24:01 AM,C,6.657
1/12/14 9:14:01 AM,C,7.662
1/12/14 10:04:01 AM,C,11.681
1/12/14 10:54:01 AM,C,10.174
1/12/14 11:44:01 AM,C,13.688
1/12/14 12:34:01 PM,C,12.684
1/12/14 1:24:01 PM,C,13.186
1/12/14 2:14:01 PM,C,12.182
1/12/14 3:04:01 PM,C,11.681
1/12/14 3:54:01 PM,C,10.676
1/12/14 4:44:01 PM,C,10.676
1/12/14 5:34:01 PM,C,10.174
1/12/14 6:24:01 PM,C,7.16
1/12/14 7:14:01 PM,C,5.652
1/12/14 8:04:01 PM,C,7.16
1/12/14 8:54:01 PM,C,7.16
1/12/14 9:44:01 PM,C,5.652
1/12/14 10:34:01 PM,C,6.657
1/12/14 11:24:01 PM,C,5.149
1/13/14 12:14:01 AM,C,3.64
1/13/14 1:04:01 AM,C,3.64
1/13/14 1:54:01 AM,C,3.137
1/13/14 2:44:01 AM,C,2.13
1/13/14 3:34:01 AM,C,1.123
1/13/14 4:24:01 AM,C,0.62
1/13/14 5:14:01 AM,C,1.123
1/13/14 6:04:01 AM,C,0.116
1/13/14 6:54:01 AM,C,-0.387
1/13/14 7:44:01 AM,C,-0.891
1/13/14 8:34:01 AM,C,-2.403
1/13/14 9:24:01 AM,C,-0.891
1/13/14 10:14:01 AM,C,9.17
1/13/14 11:04:01 AM,C,6.155
1/13/14 11:54:01 AM,C,6.657
1/13/14 12:44:01 PM,C,5.149
1/13/14 1:34:01 PM,C,6.657
1/13/14 2:24:01 PM,C,5.149
1/13/14 3:14:01 PM,C,4.646
1/13/14 4:04:01 PM,C,4.646
1/13/14 4:54:01 PM,C,4.143
1/13/14 5:44:01 PM,C,4.143
1/13/14 6:34:01 PM,C,2.13
1/13/14 7:24:01 PM,C,2.13
1/13/14 8:14:01 PM,C,4.143
1/13/14 9:04:01 PM,C,4.143
1/13/14 9:54:01 PM,C,1.627
1/13/14 10:44:01 PM,C,1.627
1/13/14 11:34:01 PM,C,1.123
1/14/14 12:24:01 AM,C,0.116
1/14/14 1:14:01 AM,C,-0.387
1/14/14 2:04:01 AM,C,2.13
1/14/14 2:54:01 AM,C,2.633
1/14/14 3:44:01 AM,C,3.64
1/14/14 4:34:01 AM,C,1.627
1/14/14 5:24:01 AM,C,0.62
1/14/14 6:14:01 AM,C,0.62
1/14/14 7:04:01 AM,C,-0.387
1/14/14 7:54:01 AM,C,-1.395
1/14/14 8:44:01 AM,C,-0.387
1/14/14 9:34:01 AM,C,1.627
1/14/14 10:24:01 AM,C,10.174
1/14/14 11:14:01 AM,C,7.16
1/14/14 12:04:01 PM,C,7.16
1/14/14 12:54:01 PM,C,8.165
1/14/14 1:44:01 PM,C,7.662
1/14/14 2:34:01 PM,C,6.155
1/14/14 3:24:01 PM,C,5.149
1/14/14 4:14:01 PM,C,3.137
1/14/14 5:04:01 PM,C,2.633
1/14/14 5:54:01 PM,C,2.633
1/14/14 6:44:01 PM,C,0.62
1/14/14 7:34:01 PM,C,0.62
1/14/14 8:24:01 PM,C,-0.891
1/14/14 9:14:01 PM,C,-0.387
1/14/14 10:04:01 PM,C,1.123
1/14/14 10:54:01 PM,C,-0.387
1/14/14 11:44:01 PM,C,-0.387
1/15/14 12:34:01 AM,C,-1.395
1/15/14 1:24:01 AM,C,-1.899
1/15/14 2:14:01 AM,C,-2.403
1/15/14 3:04:01 AM,C,-2.907
1/15/14 3:54:01 AM,C,-2.907
1/15/14 4:44:01 AM,C,-2.403
1/15/14 5:34:01 AM,C,-1.899
1/15/14 6:24:01 AM,C,-2.403
1/15/14 7:14:01 AM,C,-1.395
1/15/14 8:04:01 AM,C,-0.891
1/15/14 8:54:01 AM,C,1.123
1/15/14 9:44:01 AM,C,3.137
1/15/14 10:34:01 AM,C,8.667
1/15/14 11:24:01 AM,C,10.676
1/15/14 12:14:01 PM,C,8.165
1/15/14 1:04:01 PM,C,10.676
1/15/14 1:54:01 PM,C,8.165
1/15/14 2:44:01 PM,C,7.662
1/15/14 3:34:01 PM,C,6.155
1/15/14 4:24:01 PM,C,5.652
1/15/14 5:14:01 PM,C,3.64
1/15/14 6:04:01 PM,C,5.149
1/15/14 6:54:01 PM,C,5.149
1/15/14 7:44:01 PM,C,5.652
1/15/14 8:34:01 PM,C,5.652
1/15/14 9:24:01 PM,C,5.652
1/15/14 10:14:01 PM,C,6.155
1/15/14 11:04:01 PM,C,4.143
1/15/14 11:54:01 PM,C,4.143
1/16/14 12:44:01 AM,C,4.646
1/16/14 1:34:01 AM,C,3.137
1/16/14 2:24:01 AM,C,2.633
1/16/14 3:14:01 AM,C,1.123
1/16/14 4:04:01 AM,C,0.62
1/16/14 4:54:01 AM,C,0.62
1/16/14 5:44:01 AM,C,0.116
1/16/14 6:34:01 AM,C,0.116
1/16/14 7:24:01 AM,C,-0.387
1/16/14 8:14:01 AM,C,-0.387
1/16/14 9:04:01 AM,C,1.123
1/16/14 9:54:01 AM,C,3.137
1/16/14 10:44:01 AM,C,7.16
1/16/14 11:34:01 AM,C,11.179
1/16/14 12:24:01 PM,C,8.165
1/16/14 1:14:01 PM,C,11.179
1/16/14 2:04:01 PM,C,8.667
1/16/14 2:54:01 PM,C,7.662
1/16/14 3:44:01 PM,C,5.149
1/16/14 4:34:01 PM,C,3.137
1/16/14 5:24:01 PM,C,3.64
1/16/14 6:14:01 PM,C,2.13
1/16/14 7:04:01 PM,C,0.116
1/16/14 7:54:01 PM,C,0.62
1/16/14 8:44:01 PM,C,0.116
1/16/14 9:34:01 PM,C,0.116
1/16/14 10:24:01 PM,C,0.116
1/16/14 11:14:01 PM,C,0.116
1/17/14 12:04:01 AM,C,0.116
1/17/14 12:54:01 AM,C,0.116
1/17/14 1:44:01 AM,C,0.116
1/17/14 2:34:01 AM,C,0.116
1/17/14 3:24:01 AM,C,-1.395
1/17/14 4:14:01 AM,C,-2.403
1/17/14 5:04:01 AM,C,-2.907
1/17/14 5:54:01 AM,C,-2.907
1/17/14 6:44:01 AM,C,-2.907
1/17/14 7:34:01 AM,C,-3.411
1/17/14 8:24:01 AM,C,-3.411
1/17/14 9:14:01 AM,C,-0.387
1/17/14 10:04:01 AM,C,4.646
1/17/14 10:54:01 AM,C,3.64
1/17/14 11:44:01 AM,C,10.676
1/17/14 12:34:01 PM,C,7.662
1/17/14 1:24:01 PM,C,9.17
1/17/14 2:14:01 PM,C,7.16
1/17/14 3:04:01 PM,C,6.155
1/17/14 3:54:01 PM,C,5.652
1/17/14 4:44:01 PM,C,3.137
1/17/14 5:34:01 PM,C,2.13
1/17/14 6:24:01 PM,C,1.627
1/17/14 7:14:01 PM,C,0.62
1/17/14 8:04:01 PM,C,3.64
1/17/14 8:54:01 PM,C,4.143
1/17/14 9:44:01 PM,C,1.123
1/17/14 10:34:01 PM,C,1.627
1/17/14 11:24:01 PM,C,3.64
1/18/14 12:14:01 AM,C,1.123
1/18/14 1:04:01 AM,C,3.64
1/18/14 1:54:01 AM,C,3.64
1/18/14 2:44:01 AM,C,3.64
1/18/14 3:34:01 AM,C,2.633
1/18/14 4:24:01 AM,C,3.64
1/18/14 5:14:01 AM,C,2.633
1/18/14 6:04:01 AM,C,3.64
1/18/14 6:54:01 AM,C,0.62
1/18/14 7:44:01 AM,C,1.627
1/18/14 8:34:01 AM,C,1.123
1/18/14 9:24:01 AM,C,2.633
1/18/14 10:14:01 AM,C,11.681
1/18/14 11:04:01 AM,C,8.165
1/18/14 11:54:01 AM,C,10.676
1/18/14 12:44:01 PM,C,9.17
1/18/14 1:34:01 PM,C,10.174
1/18/14 2:24:01 PM,C,8.165
1/18/14 3:14:01 PM,C,8.165
1/18/14 4:04:01 PM,C,6.657
1/18/14 4:54:01 PM,C,4.646
1/18/14 5:44:01 PM,C,3.64
1/18/14 6:34:01 PM,C,3.137
1/18/14 7:24:01 PM,C,5.652
1/18/14 8:14:01 PM,C,4.646
1/18/14 9:04:01 PM,C,4.143
1/18/14 9:54:01 PM,C,3.137
1/18/14 10:44:01 PM,C,3.137
1/18/14 11:34:01 PM,C,1.627
1/19/14 12:24:01 AM,C,0.62
1/19/14 1:14:01 AM,C,0.62
1/19/14 2:04:01 AM,C,0.116
1/19/14 2:54:01 AM,C,1.123
1/19/14 3:44:01 AM,C,1.123
1/19/14 4:34:01 AM,C,2.13
1/19/14 5:24:01 AM,C,1.123
1/19/14 6:14:01 AM,C,0.62
1/19/14 7:04:01 AM,C,0.116
1/19/14 7:54:01 AM,C,2.13
1/19/14 8:44:01 AM,C,4.646
1/19/14 9:34:01 AM,C,5.149
1/19/14 10:24:01 AM,C,11.179
1/19/14 11:14:01 AM,C,11.681
1/19/14 12:04:01 PM,C,9.672
1/19/14 12:54:01 PM,C,11.179
1/19/14 1:44:01 PM,C,9.672
1/19/14 2:34:01 PM,C,9.672
1/19/14 3:24:01 PM,C,9.672
1/19/14 4:14:01 PM,C,9.17
1/19/14 5:04:01 PM,C,8.667
1/19/14 5:54:01 PM,C,8.165
1/19/14 6:44:01 PM,C,7.662
1/19/14 7:34:01 PM,C,7.662
1/19/14 8:24:01 PM,C,7.662
1/19/14 9:14:01 PM,C,8.165
1/19/14 10:04:01 PM,C,8.165
1/19/14 10:54:01 PM,C,7.662
1/19/14 11:44:01 PM,C,7.662
1/20/14 12:34:01 AM,C,7.16
1/20/14 1:24:01 AM,C,8.165
1/20/14 2:14:01 AM,C,7.662
1/20/14 3:04:01 AM,C,5.652
1/20/14 3:54:01 AM,C,4.646
1/20/14 4:44:01 AM,C,5.652
1/20/14 5:34:01 AM,C,4.143
1/20/14 6:24:01 AM,C,2.633
1/20/14 7:14:01 AM,C,1.627
1/20/14 8:04:01 AM,C,1.627
1/20/14 8:54:01 AM,C,2.633
1/20/14 9:44:01 AM,C,3.64
1/20/14 10:34:01 AM,C,12.182
1/20/14 11:24:01 AM,C,11.179
1/20/14 12:14:01 PM,C,9.672
1/20/14 1:04:01 PM,C,15.694
1/20/14 1:54:01 PM,C,12.182
1/20/14 2:44:01 PM,C,11.179
1/20/14 3:34:01 PM,C,10.676
1/20/14 4:24:01 PM,C,7.662
1/20/14 5:14:01 PM,C,7.662
1/20/14 6:04:01 PM,C,6.657
1/20/14 6:54:01 PM,C,4.646
1/20/14 7:44:01 PM,C,7.662
1/20/14 8:34:01 PM,C,6.155
1/20/14 9:24:01 PM,C,6.657
1/20/14 10:14:01 PM,C,5.149
1/20/14 11:04:01 PM,C,3.137
1/20/14 11:54:01 PM,C,2.13
1/21/14 12:44:01 AM,C,0.62
1/21/14 1:34:01 AM,C,0.62
1/21/14 2:24:01 AM,C,0.116
1/21/14 3:14:01 AM,C,-0.891
1/21/14 4:04:01 AM,C,-0.891
1/21/14 4:54:01 AM,C,-0.891
1/21/14 5:44:01 AM,C,-0.891
1/21/14 6:34:01 AM,C,0.116
1/21/14 7:24:01 AM,C,2.13
1/21/14 8:14:01 AM,C,1.627
1/21/14 9:04:01 AM,C,2.13
1/21/14 9:54:01 AM,C,6.155
1/21/14 10:44:01 AM,C,6.657
1/21/14 11:34:01 AM,C,10.174
1/21/14 12:24:01 PM,C,7.662
1/21/14 1:14:01 PM,C,12.182
1/21/14 2:04:01 PM,C,9.17
1/21/14 2:54:01 PM,C,9.17
1/21/14 3:44:01 PM,C,7.662
1/21/14 4:34:01 PM,C,6.155
1/21/14 5:24:01 PM,C,5.652
1/21/14 6:14:01 PM,C,5.652
1/21/14 7:04:01 PM,C,4.646
1/21/14 7:54:01 PM,C,4.143
1/21/14 8:44:01 PM,C,4.646
1/21/14 9:34:01 PM,C,5.149
1/21/14 10:24:01 PM,C,5.652
1/21/14 11:14:01 PM,C,6.155
1/22/14 12:04:01 AM,C,6.657
1/22/14 12:54:01 AM,C,7.16
1/22/14 1:44:01 AM,C,7.16
1/22/14 2:34:01 AM,C,7.16
1/22/14 3:24:01 AM,C,7.662
1/22/14 4:14:01 AM,C,7.662
1/22/14 5:04:01 AM,C,7.16
1/22/14 5:54:01 AM,C,8.165
1/22/14 6:44:01 AM,C,8.165
1/22/14 7:34:01 AM,C,8.165
1/22/14 8:24:01 AM,C,8.165
1/22/14 9:14:01 AM,C,10.174
1/22/14 10:04:01 AM,C,10.676
1/22/14 10:54:01 AM,C,12.182
1/22/14 11:44:01 AM,C,12.684
1/22/14 12:34:01 PM,C,12.182
1/22/14 1:24:01 PM,C,13.688
1/22/14 2:14:01 PM,C,13.186
1/22/14 3:04:01 PM,C,12.182
1/22/14 3:54:01 PM,C,11.179
1/22/14 4:44:01 PM,C,9.672
1/22/14 5:34:01 PM,C,9.17
1/22/14 6:24:01 PM,C,9.17
1/22/14 7:14:01 PM,C,9.17
1/22/14 8:04:01 PM,C,9.17
1/22/14 8:54:01 PM,C,8.165
1/22/14 9:44:01 PM,C,7.662
1/22/14 10:34:01 PM,C,7.16
1/22/14 11:24:01 PM,C,8.165
1/23/14 12:14:01 AM,C,9.17
1/23/14 1:04:01 AM,C,8.165
1/23/14 1:54:01 AM,C,9.672
1/23/14 2:44:01 AM,C,10.174
1/23/14 3:34:01 AM,C,9.672
1/23/14 4:24:01 AM,C,6.657
1/23/14 5:14:01 AM,C,8.667
1/23/14 6:04:01 AM,C,7.662
1/23/14 6:54:01 AM,C,5.652
1/23/14 7:44:01 AM,C,6.657
1/23/14 8:34:01 AM,C,2.13
1/23/14 9:24:01 AM,C,1.123
1/23/14 10:14:01 AM,C,1.123
1/23/14 11:04:01 AM,C,-0.387
1/23/14 11:54:01 AM,C,1.123
1/23/14 12:44:01 PM,C,0.62
1/23/14 1:34:01 PM,C,-0.387
1/23/14 2:24:01 PM,C,-2.403
1/23/14 3:14:01 PM,C,-1.899
1/23/14 4:04:01 PM,C,-2.907
1/23/14 4:54:01 PM,C,-4.419
1/23/14 5:44:01 PM,C,-6.437
1/23/14 6:34:01 PM,C,-7.951
1/23/14 7:24:01 PM,C,-8.961
1/23/14 8:14:01 PM,C,-9.466
1/23/14 9:04:01 PM,C,-9.466
1/23/14 9:54:01 PM,C,-9.466
1/23/14 10:44:01 PM,C,-9.466
1/23/14 11:34:01 PM,C,-10.476
1/24/14 12:24:01 AM,C,-5.933
1/24/14 1:14:01 AM,C,-6.437
1/24/14 2:04:01 AM,C,-6.942
1/24/14 2:54:01 AM,C,-5.933
1/24/14 3:44:01 AM,C,-5.933
1/24/14 4:34:01 AM,C,-6.437
1/24/14 5:24:01 AM,C,-6.942
1/24/14 6:14:01 AM,C,-5.428
1/24/14 7:04:01 AM,C,-2.403
1/24/14 7:54:01 AM,C,1.123
1/24/14 8:44:01 AM,C,3.137
1/24/14 9:34:01 AM,C,4.143
1/24/14 10:24:01 AM,C,9.672
1/24/14 11:14:01 AM,C,9.672
1/24/14 12:04:01 PM,C,8.165
1/24/14 12:54:01 PM,C,8.667
1/24/14 1:44:01 PM,C,5.652
1/24/14 2:34:01 PM,C,6.657
1/24/14 3:24:01 PM,C,9.672
1/24/14 4:14:01 PM,C,6.657
1/24/14 5:04:01 PM,C,4.143
1/24/14 5:54:01 PM,C,3.64
1/24/14 6:44:01 PM,C,1.627
1/24/14 7:34:01 PM,C,1.627
1/24/14 8:24:01 PM,C,1.123
1/24/14 9:14:01 PM,C,1.627
1/24/14 10:04:01 PM,C,1.123
1/24/14 10:54:01 PM,C,0.62
1/24/14 11:44:01 PM,C,2.13
1/25/14 12:34:01 AM,C,3.64
1/25/14 1:24:01 AM,C,3.137
1/25/14 2:14:01 AM,C,3.64
1/25/14 3:04:01 AM,C,4.143
1/25/14 3:54:01 AM,C,3.137
1/25/14 4:44:01 AM,C,3.137
1/25/14 5:34:01 AM,C,3.64
1/25/14 6:24:01 AM,C,3.137
1/25/14 7:14:01 AM,C,3.64
1/25/14 8:04:01 AM,C,4.646
1/25/14 8:54:01 AM,C,5.149
1/25/14 9:44:01 AM,C,6.657
1/25/14 10:34:01 AM,C,9.672
1/25/14 11:24:01 AM,C,10.676
1/25/14 12:14:01 PM,C,10.174
1/25/14 1:04:01 PM,C,15.694
1/25/14 1:54:01 PM,C,11.179
1/25/14 2:44:01 PM,C,11.681
1/25/14 3:34:01 PM,C,12.684
1/25/14 4:24:01 PM,C,9.672
1/25/14 5:14:01 PM,C,9.17
1/25/14 6:04:01 PM,C,8.667
1/25/14 6:54:01 PM,C,5.652
1/25/14 7:44:01 PM,C,7.16
1/25/14 8:34:01 PM,C,6.657
1/25/14 9:24:01 PM,C,7.16
1/25/14 10:14:01 PM,C,7.16
1/25/14 11:04:01 PM,C,6.155
1/25/14 11:54:01 PM,C,5.149
1/26/14 12:44:01 AM,C,5.149
1/26/14 1:34:01 AM,C,6.155
1/26/14 2:24:01 AM,C,6.155
1/26/14 3:14:01 AM,C,6.155
1/26/14 4:04:01 AM,C,5.652
1/26/14 4:54:01 AM,C,5.652
1/26/14 5:44:01 AM,C,3.64
1/26/14 6:34:01 AM,C,4.143
1/26/14 7:24:01 AM,C,4.143
1/26/14 8:14:01 AM,C,3.64
1/26/14 9:04:01 AM,C,5.149
1/26/14 9:54:01 AM,C,9.17
1/26/14 10:44:01 AM,C,10.676
1/26/14 11:34:01 AM,C,11.681
1/26/14 12:24:01 PM,C,10.676
1/26/14 1:14:01 PM,C,15.694
1/26/14 2:04:01 PM,C,11.179
1/26/14 2:54:01 PM,C,11.179
1/26/14 3:44:01 PM,C,10.174
1/26/14 4:34:01 PM,C,9.17
1/26/14 5:24:01 PM,C,8.165
1/26/14 6:14:01 PM,C,7.16
1/26/14 7:04:01 PM,C,5.652
1/26/14 7:54:01 PM,C,4.646
1/26/14 8:44:01 PM,C,5.149
1/26/14 9:34:01 PM,C,5.149
1/26/14 10:24:01 PM,C,5.149
1/26/14 11:14:01 PM,C,4.143
1/27/14 12:04:01 AM,C,4.143
1/27/14 12:54:01 AM,C,3.64
1/27/14 1:44:01 AM,C,3.137
1/27/14 2:34:01 AM,C,3.64
1/27/14 3:24:01 AM,C,3.64
1/27/14 4:14:01 AM,C,5.652
1/27/14 5:04:01 AM,C,4.646
1/27/14 5:54:01 AM,C,4.646
1/27/14 6:44:01 AM,C,4.646
1/27/14 7:34:01 AM,C,2.633
1/27/14 8:24:01 AM,C,-1.395
1/27/14 9:14:01 AM,C,-1.395
1/27/14 10:04:01 AM,C,0.116
1/27/14 10:54:01 AM,C,2.13
1/27/14 11:44:01 AM,C,5.149
1/27/14 12:34:01 PM,C,8.165
1/27/14 1:24:01 PM,C,8.165
1/27/14 2:14:01 PM,C,6.155
1/27/14 3:04:01 PM,C,5.149
1/27/14 3:54:01 PM,C,4.646
1/27/14 4:44:01 PM,C,4.646
1/27/14 5:34:01 PM,C,3.64
1/27/14 6:24:01 PM,C,4.646
1/27/14 7:14:01 PM,C,4.143
1/27/14 8:04:01 PM,C,4.143
1/27/14 8:54:01 PM,C,5.149
1/27/14 9:44:01 PM,C,5.149
1/27/14 10:34:01 PM,C,5.149
1/27/14 11:24:01 PM,C,5.652
1/28/14 12:14:01 AM,C,5.652
1/28/14 1:04:01 AM,C,5.652
1/28/14 1:54:01 AM,C,5.652
1/28/14 2:44:01 AM,C,6.155
1/28/14 3:34:01 AM,C,5.652
1/28/14 4:24:01 AM,C,4.143
1/28/14 5:14:01 AM,C,3.64
1/28/14 6:04:01 AM,C,2.13
1/28/14 6:54:01 AM,C,1.627
1/28/14 7:44:01 AM,C,0.62
1/28/14 8:34:01 AM,C,1.123
1/28/14 9:24:01 AM,C,2.633
1/28/14 10:14:01 AM,C,9.17
1/28/14 11:04:01 AM,C,8.667
1/28/14 11:54:01 AM,C,7.662
1/28/14 12:44:01 PM,C,5.652
1/28/14 1:34:01 PM,C,6.657
1/28/14 2:24:01 PM,C,3.64
1/28/14 3:14:01 PM,C,2.633
1/28/14 4:04:01 PM,C,1.123
1/28/14 4:54:01 PM,C,-0.387
1/28/14 5:44:01 PM,C,-0.387
1/28/14 6:34:01 PM,C,-1.899
1/28/14 7:24:01 PM,C,-0.891
1/28/14 8:14:01 PM,C,-0.387
1/28/14 9:04:01 PM,C,-1.395
1/28/14 9:54:01 PM,C,-1.899
1/28/14 10:44:01 PM,C,-2.403
1/28/14 11:34:01 PM,C,-2.403
1/29/14 12:24:01 AM,C,-2.403
1/29/14 1:14:01 AM,C,-2.403
1/29/14 2:04:01 AM,C,-2.907
1/29/14 2:54:01 AM,C,-2.907
1/29/14 3:44:01 AM,C,-1.899
1/29/14 4:34:01 AM,C,-1.395
1/29/14 5:24:01 AM,C,-1.395
1/29/14 6:14:01 AM,C,-1.395
1/29/14 7:04:01 AM,C,-1.395
1/29/14 7:54:01 AM,C,-0.891
1/29/14 8:44:01 AM,C,-0.387
1/29/14 9:34:01 AM,C,2.13
1/29/14 10:24:01 AM,C,10.174
1/29/14 11:14:01 AM,C,9.17
1/29/14 12:04:01 PM,C,8.667
1/29/14 12:54:01 PM,C,9.17
1/29/14 1:44:01 PM,C,7.16
1/29/14 2:34:01 PM,C,7.16
1/29/14 3:24:01 PM,C,8.165
1/29/14 4:14:01 PM,C,5.652
1/29/14 5:04:01 PM,C,5.149
1/29/14 5:54:01 PM,C,5.652
1/29/14 6:44:01 PM,C,5.149
1/29/14 7:34:01 PM,C,4.646
1/29/14 8:24:01 PM,C,5.149
1/29/14 9:14:01 PM,C,5.149
1/29/14 10:04:01 PM,C,5.652
1/29/14 10:54:01 PM,C,5.652
1/29/14 11:44:01 PM,C,6.657
1/30/14 12:34:01 AM,C,6.657
1/30/14 1:24:01 AM,C,6.657
1/30/14 2:14:01 AM,C,5.652
1/30/14 3:04:01 AM,C,6.657
1/30/14 3:54:01 AM,C,6.657
1/30/14 4:44:01 AM,C,6.657
1/30/14 5:34:01 AM,C,7.662
1/30/14 6:24:01 AM,C,8.165
1/30/14 7:14:01 AM,C,9.17
1/30/14 8:04:01 AM,C,8.667
1/30/14 8:54:01 AM,C,8.667
1/30/14 9:44:01 AM,C,10.676
1/30/14 10:34:01 AM,C,13.186
1/30/14 11:24:01 AM,C,13.186
1/30/14 12:14:01 PM,C,12.684
1/30/14 1:04:01 PM,C,14.189
1/30/14 1:54:01 PM,C,13.186
1/30/14 2:44:01 PM,C,13.186
1/30/14 3:34:01 PM,C,14.189
1/30/14 4:24:01 PM,C,12.182
1/30/14 5:14:01 PM,C,12.182
1/30/14 6:04:01 PM,C,12.182
1/30/14 6:54:01 PM,C,11.681
1/30/14 7:44:01 PM,C,12.182
1/30/14 8:34:01 PM,C,12.684
1/30/14 9:24:01 PM,C,12.684
1/30/14 10:14:01 PM,C,12.182
1/30/14 11:04:01 PM,C,12.182
1/30/14 11:54:01 PM,C,12.182
1/31/14 12:44:01 AM,C,11.681
1/31/14 1:34:01 AM,C,11.681
1/31/14 2:24:01 AM,C,11.179
1/31/14 3:14:01 AM,C,11.179
1/31/14 4:04:01 AM,C,11.179
1/31/14 4:54:01 AM,C,10.676
1/31/14 5:44:01 AM,C,10.676
1/31/14 6:34:01 AM,C,11.179
1/31/14 7:24:01 AM,C,10.676
1/31/14 8:14:01 AM,C,10.676
1/31/14 9:04:01 AM,C,10.676
1/31/14 9:54:01 AM,C,12.182
1/31/14 10:44:01 AM,C,11.179
1/31/14 11:34:01 AM,C,15.192
1/31/14 12:24:01 PM,C,17.198
1/31/14 1:14:01 PM,C,15.694
1/31/14 2:04:01 PM,C,15.694
1/31/14 2:54:01 PM,C,15.192
1/31/14 3:44:01 PM,C,14.691
1/31/14 4:34:01 PM,C,13.688
1/31/14 5:24:01 PM,C,13.186
1/31/14 6:14:01 PM,C,11.681
1/31/14 7:04:01 PM,C,11.179
1/31/14 7:54:01 PM,C,10.676
1/31/14 8:44:01 PM,C,9.17
1/31/14 9:34:01 PM,C,8.165
1/31/14 10:24:01 PM,C,11.179
1/31/14 11:14:01 PM,C,11.681
2/1/14 12:04:01 AM,C,11.179
2/1/14 12:54:01 AM,C,9.672
2/1/14 1:44:01 AM,C,9.672
2/1/14 2:34:01 AM,C,9.17
2/1/14 3:24:01 AM,C,8.165
2/1/14 4:14:01 AM,C,8.165
2/1/14 5:04:01 AM,C,8.667
2/1/14 5:54:01 AM,C,8.667
2/1/14 6:44:01 AM,C,8.165
2/1/14 7:34:01 AM,C,7.662
2/1/14 8:24:01 AM,C,7.662
2/1/14 9:14:01 AM,C,8.165
2/1/14 10:04:01 AM,C,10.174
2/1/14 10:54:01 AM,C,10.676
2/1/14 11:44:01 AM,C,13.688
2/1/14 12:34:01 PM,C,13.688
2/1/14 1:24:01 PM,C,15.694
2/1/14 2:14:01 PM,C,13.688
2/1/14 3:04:01 PM,C,14.189
2/1/14 3:54:01 PM,C,14.691
2/1/14 4:44:01 PM,C,13.186
2/1/14 5:34:01 PM,C,13.186
2/1/14 6:24:01 PM,C,9.672
2/1/14 7:14:01 PM,C,7.662
2/1/14 8:04:01 PM,C,8.165
2/1/14 8:54:01 PM,C,8.667
2/1/14 9:44:01 PM,C,7.662
2/1/14 10:34:01 PM,C,7.662
2/1/14 11:24:01 PM,C,7.662
2/2/14 12:14:01 AM,C,6.657
2/2/14 1:04:01 AM,C,6.155
2/2/14 1:54:01 AM,C,6.155
2/2/14 2:44:01 AM,C,4.646
2/2/14 3:34:01 AM,C,3.137
2/2/14 4:24:01 AM,C,3.137
2/2/14 5:14:01 AM,C,1.627
2/2/14 6:04:01 AM,C,0.116
2/2/14 6:54:01 AM,C,0.116
2/2/14 7:44:01 AM,C,-0.387
2/2/14 8:34:01 AM,C,-0.387
2/2/14 9:24:01 AM,C,2.13
2/2/14 10:14:01 AM,C,5.149
2/2/14 11:04:01 AM,C,6.155
2/2/14 11:54:01 AM,C,5.149
2/2/14 12:44:01 PM,C,4.143
2/2/14 1:34:01 PM,C,3.64
2/2/14 2:24:01 PM,C,5.149
2/2/14 3:14:01 PM,C,5.149
2/2/14 4:04:01 PM,C,3.64
2/2/14 4:54:01 PM,C,2.633
2/2/14 5:44:01 PM,C,2.13
2/2/14 6:34:01 PM,C,2.13
2/2/14 7:24:01 PM,C,2.633
2/2/14 8:14:01 PM,C,1.627
2/2/14 9:04:01 PM,C,1.123
2/2/14 9:54:01 PM,C,-0.387
2/2/14 10:44:01 PM,C,2.13
2/2/14 11:34:01 PM,C,2.633
2/3/14 12:24:01 AM,C,1.123
2/3/14 1:14:01 AM,C,1.123
2/3/14 2:04:01 AM,C,3.137
2/3/14 2:54:01 AM,C,4.646
2/3/14 3:44:01 AM,C,4.646
2/3/14 4:34:01 AM,C,4.646
2/3/14 5:24:01 AM,C,5.652
2/3/14 6:14:01 AM,C,5.652
2/3/14 7:04:01 AM,C,6.155
2/3/14 7:54:01 AM,C,5.149
2/3/14 8:44:01 AM,C,5.149
2/3/14 9:34:01 AM,C,6.155
2/3/14 10:24:01 AM,C,7.16
2/3/14 11:14:01 AM,C,9.17
2/3/14 12:04:01 PM,C,11.179
2/3/14 12:54:01 PM,C,8.667
2/3/14 1:44:01 PM,C,8.667
2/3/14 2:34:01 PM,C,9.17
2/3/14 3:24:01 PM,C,9.672
2/3/14 4:14:01 PM,C,9.17
2/3/14 5:04:01 PM,C,7.662
2/3/14 5:54:01 PM,C,6.657
2/3/14 6:44:01 PM,C,5.149
2/3/14 7:34:01 PM,C,3.137
2/3/14 8:24:01 PM,C,4.646
2/3/14 9:14:01 PM,C,4.646
2/3/14 10:04:01 PM,C,2.13
2/3/14 10:54:01 PM,C,5.149
2/3/14 11:44:01 PM,C,4.646
2/4/14 12:34:01 AM,C,2.13
2/4/14 1:24:01 AM,C,1.627
2/4/14 2:14:01 AM,C,1.123
2/4/14 3:04:01 AM,C,-0.387
2/4/14 3:54:01 AM,C,-2.403
2/4/14 4:44:01 AM,C,-3.411
2/4/14 5:34:01 AM,C,-2.907
2/4/14 6:24:01 AM,C,-2.907
2/4/14 7:14:01 AM,C,-1.899
2/4/14 8:04:01 AM,C,-1.899
2/4/14 8:54:01 AM,C,-1.899
2/4/14 9:44:01 AM,C,-0.387
2/4/14 10:34:01 AM,C,0.62
2/4/14 11:24:01 AM,C,1.123
2/4/14 12:14:01 PM,C,2.13
2/4/14 1:04:01 PM,C,2.633
2/4/14 1:54:01 PM,C,2.13
2/4/14 2:44:01 PM,C,2.13
2/4/14 3:34:01 PM,C,2.633
2/4/14 4:24:01 PM,C,2.633
2/4/14 5:14:01 PM,C,2.13
2/4/14 6:04:01 PM,C,1.627
2/4/14 6:54:01 PM,C,1.627
2/4/14 7:44:01 PM,C,0.62
2/4/14 8:34:01 PM,C,1.123
2/4/14 9:24:01 PM,C,-0.387
2/4/14 10:14:01 PM,C,0.116
2/4/14 11:04:01 PM,C,-0.891
2/4/14 11:54:01 PM,C,-1.899
2/5/14 12:44:01 AM,C,-2.907
2/5/14 1:34:01 AM,C,-2.403
2/5/14 2:24:01 AM,C,-2.907
2/5/14 3:14:01 AM,C,-2.403
2/5/14 4:04:01 AM,C,-2.403
2/5/14 4:54:01 AM,C,-1.899
2/5/14 5:44:01 AM,C,-1.899
2/5/14 6:34:01 AM,C,-1.395
2/5/14 7:24:01 AM,C,-1.395
2/5/14 8:14:01 AM,C,-0.891
2/5/14 9:04:01 AM,C,-2.907
2/5/14 9:54:01 AM,C,-0.891
2/5/14 10:44:01 AM,C,-0.387
2/5/14 11:34:01 AM,C,0.116
2/5/14 12:24:01 PM,C,1.123
2/5/14 1:14:01 PM,C,1.123
2/5/14 2:04:01 PM,C,0.62
2/5/14 2:54:01 PM,C,1.627
2/5/14 3:44:01 PM,C,3.137
2/5/14 4:34:01 PM,C,-2.403
2/5/14 5:24:01 PM,C,-2.403
2/5/14 6:14:01 PM,C,-2.907
2/5/14 7:04:01 PM,C,-7.446
2/5/14 7:54:01 PM,C,-6.437
2/5/14 8:44:01 PM,C,-7.951
2/5/14 9:34:01 PM,C,-8.456
2/5/14 10:24:01 PM,C,-8.961
2/5/14 11:14:01 PM,C,-8.456
2/6/14 12:04:01 AM,C,-7.951
2/6/14 12:54:01 AM,C,-8.456
2/6/14 1:44:01 AM,C,-2.403
2/6/14 2:34:01 AM,C,-2.907
2/6/14 3:24:01 AM,C,-4.419
2/6/14 4:14:01 AM,C,-1.395
2/6/14 5:04:01 AM,C,-1.899
2/6/14 5:54:01 AM,C,-0.387
2/6/14 6:44:01 AM,C,-7.446
2/6/14 7:34:01 AM,C,-7.951
2/6/14 8:24:01 AM,C,-6.437
2/6/14 9:14:01 AM,C,-4.419
2/6/14 10:04:01 AM,C,1.627
2/6/14 10:54:01 AM,C,2.13
2/6/14 11:44:01 AM,C,2.633
2/6/14 12:34:01 PM,C,3.64
2/6/14 1:24:01 PM,C,5.149
2/6/14 2:14:01 PM,C,5.652
2/6/14 3:04:01 PM,C,5.652
2/6/14 3:54:01 PM,C,3.64
2/6/14 4:44:01 PM,C,1.123
2/6/14 5:34:01 PM,C,0.116
2/6/14 6:24:01 PM,C,0.116
2/6/14 7:14:01 PM,C,2.13
2/6/14 8:04:01 PM,C,1.627
2/6/14 8:54:01 PM,C,2.13
2/6/14 9:44:01 PM,C,0.62
2/6/14 10:34:01 PM,C,2.13
2/6/14 11:24:01 PM,C,1.627
2/7/14 12:14:01 AM,C,1.627
2/7/14 1:04:01 AM,C,2.633
2/7/14 1:54:01 AM,C,2.13
2/7/14 2:44:01 AM,C,2.633
2/7/14 3:34:01 AM,C,2.633
2/7/14 4:24:01 AM,C,2.633
2/7/14 5:14:01 AM,C,2.13
2/7/14 6:04:01 AM,C,1.123
2/7/14 6:54:01 AM,C,0.116
2/7/14 7:44:01 AM,C,-0.891
2/7/14 8:34:01 AM,C,-0.891
2/7/14 9:24:01 AM,C,2.13
2/7/14 10:14:01 AM,C,7.16
2/7/14 11:04:01 AM,C,5.149
2/7/14 11:54:01 AM,C,7.662
2/7/14 12:44:01 PM,C,6.155
2/7/14 1:34:01 PM,C,7.662
2/7/14 2:24:01 PM,C,5.149
2/7/14 3:14:01 PM,C,5.652
2/7/14 4:04:01 PM,C,4.143
2/7/14 4:54:01 PM,C,3.64
2/7/14 5:44:01 PM,C,3.64
2/7/14 6:34:01 PM,C,2.633
2/7/14 7:24:01 PM,C,3.137
2/7/14 8:14:01 PM,C,3.137
2/7/14 9:04:01 PM,C,1.123
2/7/14 9:54:01 PM,C,2.13
2/7/14 10:44:01 PM,C,1.123
2/7/14 11:34:01 PM,C,1.123
2/8/14 12:24:01 AM,C,0.62
2/8/14 1:14:01 AM,C,1.123
2/8/14 2:04:01 AM,C,1.627
2/8/14 2:54:01 AM,C,4.143
2/8/14 3:44:01 AM,C,4.143
2/8/14 4:34:01 AM,C,3.64
2/8/14 5:24:01 AM,C,4.143
2/8/14 6:14:01 AM,C,4.646
2/8/14 7:04:01 AM,C,4.646
2/8/14 7:54:01 AM,C,3.137
2/8/14 8:44:01 AM,C,4.646
2/8/14 9:34:01 AM,C,6.155
2/8/14 10:24:01 AM,C,7.662
2/8/14 11:14:01 AM,C,8.667
2/8/14 12:04:01 PM,C,10.174
2/8/14 12:54:01 PM,C,10.676
2/8/14 1:44:01 PM,C,10.174
2/8/14 2:34:01 PM,C,10.676
2/8/14 3:24:01 PM,C,11.179
2/8/14 4:14:01 PM,C,8.667
2/8/14 5:04:01 PM,C,6.657
2/8/14 5:54:01 PM,C,8.165
2/8/14 6:44:01 PM,C,7.16
2/8/14 7:34:01 PM,C,5.652
2/8/14 8:24:01 PM,C,5.652
2/8/14 9:14:01 PM,C,8.667
2/8/14 10:04:01 PM,C,9.17
2/8/14 10:54:01 PM,C,8.165
2/8/14 11:44:01 PM,C,7.662
2/9/14 12:34:01 AM,C,6.657
2/9/14 1:24:01 AM,C,9.672
2/9/14 2:14:01 AM,C,9.672
2/9/14 3:04:01 AM,C,9.17
2/9/14 3:54:01 AM,C,6.155
2/9/14 4:44:01 AM,C,4.143
2/9/14 5:34:01 AM,C,5.652
2/9/14 6:24:01 AM,C,6.657
2/9/14 7:14:01 AM,C,10.174
2/9/14 8:04:01 AM,C,8.667
2/9/14 8:54:01 AM,C,9.672
2/9/14 9:44:01 AM,C,10.676
2/9/14 10:34:01 AM,C,13.688
2/9/14 11:24:01 AM,C,12.684
2/9/14 12:14:01 PM,C,14.691
2/9/14 1:04:01 PM,C,16.697
2/9/14 1:54:01 PM,C,14.189
2/9/14 2:44:01 PM,C,13.688
2/9/14 3:34:01 PM,C,14.189
2/9/14 4:24:01 PM,C,11.681
2/9/14 5:14:01 PM,C,11.681
2/9/14 6:04:01 PM,C,11.681
2/9/14 6:54:01 PM,C,11.179
2/9/14 7:44:01 PM,C,11.681
2/9/14 8:34:01 PM,C,11.179
2/9/14 9:24:01 PM,C,10.676
2/9/14 10:14:01 PM,C,7.16
2/9/14 11:04:01 PM,C,7.662
2/9/14 11:54:01 PM,C,6.657
2/10/14 12:44:01 AM,C,6.155
2/10/14 1:34:01 AM,C,5.652
2/10/14 2:24:01 AM,C,5.652
2/10/14 3:14:01 AM,C,6.155
2/10/14 4:04:01 AM,C,8.165
2/10/14 4:54:01 AM,C,5.652
2/10/14 5:44:01 AM,C,5.652
2/10/14 6:34:01 AM,C,4.646
2/10/14 7:24:01 AM,C,4.646
2/10/14 8:14:01 AM,C,5.652
2/10/14 9:04:01 AM,C,9.17
2/10/14 9:54:01 AM,C,11.681
2/10/14 10:44:01 AM,C,15.694
2/10/14 11:34:01 AM,C,16.195
2/10/14 12:24:01 PM,C,14.691
2/10/14 1:14:01 PM,C,15.694
2/10/14 2:04:01 PM,C,14.691
2/10/14 2:54:01 PM,C,15.192
2/10/14 3:44:01 PM,C,14.691
2/10/14 4:34:01 PM,C,14.189
2/10/14 5:24:01 PM,C,13.688
2/10/14 6:14:01 PM,C,13.688
2/10/14 7:04:01 PM,C,12.182
2/10/14 7:54:01 PM,C,12.684
2/10/14 8:44:01 PM,C,11.681
2/10/14 9:34:01 PM,C,8.165
2/10/14 10:24:01 PM,C,6.657
2/10/14 11:14:01 PM,C,6.657
2/11/14 12:04:01 AM,C,6.657
2/11/14 12:54:01 AM,C,6.657
2/11/14 1:44:01 AM,C,7.16
2/11/14 2:34:01 AM,C,7.16
2/11/14 3:24:01 AM,C,6.155
2/11/14 4:14:01 AM,C,4.646
2/11/14 5:04:01 AM,C,6.657
2/11/14 5:54:01 AM,C,5.652
2/11/14 6:44:01 AM,C,4.143
2/11/14 7:34:01 AM,C,3.137
2/11/14 8:24:01 AM,C,3.137
2/11/14 9:14:01 AM,C,4.646
2/11/14 10:04:01 AM,C,8.667
2/11/14 10:54:01 AM,C,7.16
2/11/14 11:44:01 AM,C,8.667
2/11/14 12:34:01 PM,C,6.657
2/11/14 1:24:01 PM,C,8.667
2/11/14 2:14:01 PM,C,6.657
2/11/14 3:04:01 PM,C,8.165
2/11/14 3:54:01 PM,C,7.16
2/11/14 4:44:01 PM,C,5.652
2/11/14 5:34:01 PM,C,4.143
2/11/14 6:24:01 PM,C,2.13
2/11/14 7:14:01 PM,C,1.123
2/11/14 8:04:01 PM,C,1.123
2/11/14 8:54:01 PM,C,0.62
2/11/14 9:44:01 PM,C,0.116
2/11/14 10:34:01 PM,C,0.62
2/11/14 11:24:01 PM,C,0.116
2/12/14 12:14:01 AM,C,0.116
2/12/14 1:04:01 AM,C,0.116
2/12/14 1:54:01 AM,C,0.62
2/12/14 2:44:01 AM,C,1.123
2/12/14 3:34:01 AM,C,1.123
2/12/14 4:24:01 AM,C,0.62
2/12/14 5:14:01 AM,C,0.62
2/12/14 6:04:01 AM,C,0.116
2/12/14 6:54:01 AM,C,0.62
2/12/14 7:44:01 AM,C,0.62
2/12/14 8:34:01 AM,C,0.62
2/12/14 9:24:01 AM,C,8.165
2/12/14 10:14:01 AM,C,10.676
2/12/14 11:04:01 AM,C,8.165
2/12/14 11:54:01 AM,C,13.186
2/12/14 12:44:01 PM,C,11.179
2/12/14 1:34:01 PM,C,10.174
2/12/14 2:24:01 PM,C,9.672
2/12/14 3:14:01 PM,C,12.182
2/12/14 4:04:01 PM,C,10.174
2/12/14 4:54:01 PM,C,6.657
2/12/14 5:44:01 PM,C,6.155
2/12/14 6:34:01 PM,C,4.143
2/12/14 7:24:01 PM,C,4.646
2/12/14 8:14:01 PM,C,7.16
2/12/14 9:04:01 PM,C,7.662
2/12/14 9:54:01 PM,C,7.662
2/12/14 10:44:01 PM,C,9.17
2/12/14 11:34:01 PM,C,8.165
2/13/14 12:24:01 AM,C,8.667
2/13/14 1:14:01 AM,C,5.149
2/13/14 2:04:01 AM,C,6.155
2/13/14 2:54:01 AM,C,5.149
2/13/14 3:44:01 AM,C,7.16
2/13/14 4:34:01 AM,C,6.657
2/13/14 5:24:01 AM,C,7.16
2/13/14 6:14:01 AM,C,6.657
2/13/14 7:04:01 AM,C,4.143
2/13/14 7:54:01 AM,C,6.155
2/13/14 8:44:01 AM,C,6.155
2/13/14 9:34:01 AM,C,11.179
2/13/14 10:24:01 AM,C,14.189
2/13/14 11:14:01 AM,C,13.688
2/13/14 12:04:01 PM,C,17.198
2/13/14 12:54:01 PM,C,14.189
2/13/14 1:44:01 PM,C,15.192
2/13/14 2:34:01 PM,C,14.189
2/13/14 3:24:01 PM,C,14.691
2/13/14 4:14:01 PM,C,12.684
2/13/14 5:04:01 PM,C,9.672
2/13/14 5:54:01 PM,C,9.17
2/13/14 6:44:01 PM,C,8.165
2/13/14 7:34:01 PM,C,7.16
2/13/14 8:24:01 PM,C,6.657
2/13/14 9:14:01 PM,C,6.657
2/13/14 10:04:01 PM,C,6.155
2/13/14 10:54:01 PM,C,5.652
2/13/14 11:44:01 PM,C,6.155
2/14/14 12:34:01 AM,C,7.16
2/14/14 1:24:01 AM,C,7.16
2/14/14 2:14:01 AM,C,9.17
2/14/14 3:04:01 AM,C,7.16
2/14/14 3:54:01 AM,C,6.155
2/14/14 4:44:01 AM,C,5.652
2/14/14 5:34:01 AM,C,5.652
2/14/14 6:24:01 AM,C,5.652
2/14/14 7:14:01 AM,C,5.652
2/14/14 8:04:01 AM,C,5.652
2/14/14 8:54:01 AM,C,6.657
2/14/14 9:44:01 AM,C,12.182
2/14/14 10:34:01 AM,C,14.691
2/14/14 11:24:01 AM,C,17.699
2/14/14 12:14:01 PM,C,19.703
2/14/14 1:04:01 PM,C,18.2
2/14/14 1:54:01 PM,C,17.699
2/14/14 2:44:01 PM,C,17.699
2/14/14 3:34:01 PM,C,18.701
2/14/14 4:24:01 PM,C,15.694
2/14/14 5:14:01 PM,C,12.182
2/14/14 6:04:01 PM,C,12.182
2/14/14 6:54:01 PM,C,9.672
2/14/14 7:44:01 PM,C,8.667
2/14/14 8:34:01 PM,C,8.165
2/14/14 9:24:01 PM,C,7.662
2/14/14 10:14:01 PM,C,8.165
2/14/14 11:04:01 PM,C,7.662
2/14/14 11:54:01 PM,C,9.17
2/15/14 12:44:01 AM,C,10.676
2/15/14 1:34:01 AM,C,8.667
2/15/14 2:24:01 AM,C,9.17
2/15/14 3:14:01 AM,C,12.684
2/15/14 4:04:01 AM,C,12.182
2/15/14 4:54:01 AM,C,9.672
2/15/14 5:44:01 AM,C,8.667
2/15/14 6:34:01 AM,C,7.16
2/15/14 7:24:01 AM,C,7.16
2/15/14 8:14:01 AM,C,7.662
2/15/14 9:04:01 AM,C,9.672
2/15/14 9:54:01 AM,C,14.691
2/15/14 10:44:01 AM,C,18.2
2/15/14 11:34:01 AM,C,22.206
2/15/14 12:24:01 PM,C,20.704
2/15/14 1:14:01 PM,C,22.206
2/15/14 2:04:01 PM,C,20.704
2/15/14 2:54:01 PM,C,20.203
2/15/14 3:44:01 PM,C,19.703
2/15/14 4:34:01 PM,C,17.198
2/15/14 5:24:01 PM,C,16.195
2/15/14 6:14:01 PM,C,15.694
2/15/14 7:04:01 PM,C,15.192
2/15/14 7:54:01 PM,C,15.694
2/15/14 8:44:01 PM,C,15.694
2/15/14 9:34:01 PM,C,16.195
2/15/14 10:24:01 PM,C,16.195
2/15/14 11:14:01 PM,C,16.697
2/16/14 12:04:01 AM,C,12.684
2/16/14 12:54:01 AM,C,12.182
2/16/14 1:44:01 AM,C,10.174
2/16/14 2:34:01 AM,C,10.676
2/16/14 3:24:01 AM,C,15.192
2/16/14 4:14:01 AM,C,15.192
2/16/14 5:04:01 AM,C,15.192
2/16/14 5:54:01 AM,C,14.691
2/16/14 6:44:01 AM,C,14.189
2/16/14 7:34:01 AM,C,9.17
2/16/14 8:24:01 AM,C,9.672
2/16/14 9:14:01 AM,C,14.691
2/16/14 10:04:01 AM,C,19.703
2/16/14 10:54:01 AM,C,20.203
2/16/14 11:44:01 AM,C,27.206
2/16/14 12:34:01 PM,C,24.207
2/16/14 1:24:01 PM,C,21.205
2/16/14 2:14:01 PM,C,21.705
2/16/14 3:04:01 PM,C,21.705
2/16/14 3:54:01 PM,C,20.203
2/16/14 4:44:01 PM,C,19.202
2/16/14 5:34:01 PM,C,17.198
2/16/14 6:24:01 PM,C,15.694
2/16/14 7:14:01 PM,C,14.189
2/16/14 8:04:01 PM,C,10.676
2/16/14 8:54:01 PM,C,10.174
2/16/14 9:44:01 PM,C,10.174
2/16/14 10:34:01 PM,C,9.672
2/16/14 11:24:01 PM,C,9.672
2/17/14 12:14:01 AM,C,10.174
2/17/14 1:04:01 AM,C,9.672
2/17/14 1:54:01 AM,C,8.165
2/17/14 2:44:01 AM,C,8.165
2/17/14 3:34:01 AM,C,7.662
2/17/14 4:24:01 AM,C,7.662
2/17/14 5:14:01 AM,C,7.662
2/17/14 6:04:01 AM,C,7.662
2/17/14 6:54:01 AM,C,7.662
2/17/14 7:44:01 AM,C,8.165
2/17/14 8:34:01 AM,C,10.676
2/17/14 9:24:01 AM,C,17.699
2/17/14 10:14:01 AM,C,20.203
2/17/14 11:04:01 AM,C,15.694
2/17/14 11:54:01 AM,C,19.202
2/17/14 12:44:01 PM,C,16.697
2/17/14 1:34:01 PM,C,18.2
2/17/14 2:24:01 PM,C,16.697
2/17/14 3:14:01 PM,C,18.2
2/17/14 4:04:01 PM,C,15.694
2/17/14 4:54:01 PM,C,14.691
2/17/14 5:44:01 PM,C,13.186
2/17/14 6:34:01 PM,C,11.681
2/17/14 7:24:01 PM,C,9.672
2/17/14 8:14:01 PM,C,8.667
2/17/14 9:04:01 PM,C,9.672
2/17/14 9:54:01 PM,C,9.672
2/17/14 10:44:01 PM,C,8.165
2/17/14 11:34:01 PM,C,9.17
2/18/14 12:24:01 AM,C,11.681
2/18/14 1:14:01 AM,C,11.179
2/18/14 2:04:01 AM,C,9.17
2/18/14 2:54:01 AM,C,8.165
2/18/14 3:44:01 AM,C,9.672
2/18/14 4:34:01 AM,C,9.17
2/18/14 5:24:01 AM,C,7.662
2/18/14 6:14:01 AM,C,7.16
2/18/14 7:04:01 AM,C,6.657
2/18/14 7:54:01 AM,C,8.165
2/18/14 8:44:01 AM,C,11.681
2/18/14 9:34:01 AM,C,15.192
2/18/14 10:24:01 AM,C,18.701
2/18/14 11:14:01 AM,C,18.2
2/18/14 12:04:01 PM,C,23.707
2/18/14 12:54:01 PM,C,19.202
2/18/14 1:44:01 PM,C,21.205
2/18/14 2:34:01 PM,C,19.202
2/18/14 3:24:01 PM,C,19.703
2/18/14 4:14:01 PM,C,17.198
2/18/14 5:04:01 PM,C,14.189
2/18/14 5:54:01 PM,C,12.684
2/18/14 6:44:01 PM,C,13.688
2/18/14 7:34:01 PM,C,12.684
2/18/14 8:24:01 PM,C,9.672
2/18/14 9:14:01 PM,C,8.667
2/18/14 10:04:01 PM,C,8.667
2/18/14 10:54:01 PM,C,8.667
2/18/14 11:44:01 PM,C,9.17
2/19/14 12:34:01 AM,C,11.179
2/19/14 1:24:01 AM,C,13.186
2/19/14 2:14:01 AM,C,12.684
2/19/14 3:04:01 AM,C,13.186
2/19/14 3:54:01 AM,C,13.186
2/19/14 4:44:01 AM,C,9.672
2/19/14 5:34:01 AM,C,9.17
2/19/14 6:24:01 AM,C,10.676
2/19/14 7:14:01 AM,C,12.182
2/19/14 8:04:01 AM,C,12.182
2/19/14 8:54:01 AM,C,12.684
2/19/14 9:44:01 AM,C,15.694
2/19/14 10:34:01 AM,C,19.202
2/19/14 11:24:01 AM,C,19.202
2/19/14 12:14:01 PM,C,20.704
2/19/14 1:04:01 PM,C,19.202
2/19/14 1:54:01 PM,C,18.701
2/19/14 2:44:01 PM,C,18.2
2/19/14 3:34:01 PM,C,17.699
2/19/14 4:24:01 PM,C,17.699
2/19/14 5:14:01 PM,C,16.697
2/19/14 6:04:01 PM,C,15.192
2/19/14 6:54:01 PM,C,12.182
2/19/14 7:44:01 PM,C,10.174
2/19/14 8:34:01 PM,C,9.672
2/19/14 9:24:01 PM,C,9.17
2/19/14 10:14:01 PM,C,12.684
2/19/14 11:04:01 PM,C,13.186
2/19/14 11:54:01 PM,C,13.186
2/20/14 12:44:01 AM,C,11.681
2/20/14 1:34:01 AM,C,12.182
2/20/14 2:24:01 AM,C,11.681
2/20/14 3:14:01 AM,C,10.676
2/20/14 4:04:01 AM,C,10.174
2/20/14 4:54:01 AM,C,9.672
2/20/14 5:44:01 AM,C,8.165
2/20/14 6:34:01 AM,C,8.165
2/20/14 7:24:01 AM,C,7.662
2/20/14 8:14:01 AM,C,7.662
2/20/14 9:04:01 AM,C,7.662
2/20/14 9:54:01 AM,C,9.672
2/20/14 10:44:01 AM,C,11.179
2/20/14 11:34:01 AM,C,15.694
2/20/14 12:24:01 PM,C,14.189
2/20/14 1:14:01 PM,C,15.192
2/20/14 2:04:01 PM,C,17.699
2/20/14 2:54:01 PM,C,14.691
2/20/14 3:44:01 PM,C,13.186
2/20/14 4:34:01 PM,C,12.182
2/20/14 5:24:01 PM,C,9.672
2/20/14 6:14:01 PM,C,7.16
2/20/14 7:04:01 PM,C,6.155
2/20/14 7:54:01 PM,C,5.149
2/20/14 8:44:01 PM,C,4.143
2/20/14 9:34:01 PM,C,3.64
2/20/14 10:24:01 PM,C,2.633
2/20/14 11:14:01 PM,C,2.13
2/21/14 12:04:01 AM,C,3.64
2/21/14 12:54:01 AM,C,6.155
2/21/14 1:44:01 AM,C,5.149
2/21/14 2:34:01 AM,C,5.652
2/21/14 3:24:01 AM,C,6.657
2/21/14 4:14:01 AM,C,4.143
2/21/14 5:04:01 AM,C,4.646
2/21/14 5:54:01 AM,C,6.657
2/21/14 6:44:01 AM,C,6.657
2/21/14 7:34:01 AM,C,7.662
2/21/14 8:24:01 AM,C,8.667
2/21/14 9:14:01 AM,C,11.179
2/21/14 10:04:01 AM,C,11.681
2/21/14 10:54:01 AM,C,12.684
2/21/14 11:44:01 AM,C,17.198
2/21/14 12:34:01 PM,C,15.694
2/21/14 1:24:01 PM,C,18.2
2/21/14 2:14:01 PM,C,16.697
2/21/14 3:04:01 PM,C,14.691
2/21/14 3:54:01 PM,C,14.691
2/21/14 4:44:01 PM,C,14.691
2/21/14 5:34:01 PM,C,13.688
2/21/14 6:24:01 PM,C,12.182
2/21/14 7:14:01 PM,C,11.179
2/21/14 8:04:01 PM,C,11.681
2/21/14 8:54:01 PM,C,11.681
2/21/14 9:44:01 PM,C,11.179
2/21/14 10:34:01 PM,C,9.17
2/21/14 11:24:01 PM,C,6.657
2/22/14 12:14:01 AM,C,6.155
2/22/14 1:04:01 AM,C,5.652
2/22/14 1:54:01 AM,C,8.165
2/22/14 2:44:01 AM,C,11.179
2/22/14 3:34:01 AM,C,10.676
2/22/14 4:24:01 AM,C,10.676
2/22/14 5:14:01 AM,C,10.676
2/22/14 6:04:01 AM,C,10.676
2/22/14 6:54:01 AM,C,9.17
2/22/14 7:44:01 AM,C,9.17
2/22/14 8:34:01 AM,C,7.662
2/22/14 9:24:01 AM,C,12.684
2/22/14 10:14:01 AM,C,16.697
2/22/14 11:04:01 AM,C,16.697
2/22/14 11:54:01 AM,C,21.705
2/22/14 12:44:01 PM,C,17.699
2/22/14 1:34:01 PM,C,19.703
2/22/14 2:24:01 PM,C,17.699
2/22/14 3:14:01 PM,C,17.198
2/22/14 4:04:01 PM,C,15.192
2/22/14 4:54:01 PM,C,14.189
2/22/14 5:44:01 PM,C,13.688
2/22/14 6:34:01 PM,C,13.186
2/22/14 7:24:01 PM,C,10.174
2/22/14 8:14:01 PM,C,8.667
2/22/14 9:04:01 PM,C,8.165
2/22/14 9:54:01 PM,C,7.662
2/22/14 10:44:01 PM,C,7.662
2/22/14 11:34:01 PM,C,10.676
2/23/14 12:24:01 AM,C,11.681
2/23/14 1:14:01 AM,C,11.681
2/23/14 2:04:01 AM,C,10.676
2/23/14 2:54:01 AM,C,7.662
2/23/14 3:44:01 AM,C,6.657
2/23/14 4:34:01 AM,C,6.155
2/23/14 5:24:01 AM,C,6.155
2/23/14 6:14:01 AM,C,5.652
2/23/14 7:04:01 AM,C,5.149
2/23/14 7:54:01 AM,C,4.646
2/23/14 8:44:01 AM,C,6.155
2/23/14 9:34:01 AM,C,12.182
2/23/14 10:24:01 AM,C,11.179
2/23/14 11:14:01 AM,C,14.189
2/23/14 12:04:01 PM,C,18.701
2/23/14 12:54:01 PM,C,16.195
2/23/14 1:44:01 PM,C,17.699
2/23/14 2:34:01 PM,C,18.2
2/23/14 3:24:01 PM,C,17.699
2/23/14 4:14:01 PM,C,16.697
2/23/14 5:04:01 PM,C,15.694
2/23/14 5:54:01 PM,C,13.688
2/23/14 6:44:01 PM,C,11.681
2/23/14 7:34:01 PM,C,9.17
2/23/14 8:24:01 PM,C,11.179
2/23/14 9:14:01 PM,C,11.179
2/23/14 10:04:01 PM,C,9.17
2/23/14 10:54:01 PM,C,10.174
2/23/14 11:44:01 PM,C,9.672
2/24/14 12:34:01 AM,C,10.676
2/24/14 1:24:01 AM,C,8.667
2/24/14 2:14:01 AM,C,7.662
2/24/14 3:04:01 AM,C,7.662
2/24/14 3:54:01 AM,C,7.662
2/24/14 4:44:01 AM,C,8.165
2/24/14 5:34:01 AM,C,7.662
2/24/14 6:24:01 AM,C,7.662
2/24/14 7:14:01 AM,C,8.165
2/24/14 8:04:01 AM,C,9.17
2/24/14 8:54:01 AM,C,10.676
2/24/14 9:44:01 AM,C,14.189
2/24/14 10:34:01 AM,C,15.192
2/24/14 11:24:01 AM,C,18.701
2/24/14 12:14:01 PM,C,19.703
2/24/14 1:04:01 PM,C,19.703
2/24/14 1:54:01 PM,C,20.203
2/24/14 2:44:01 PM,C,18.701
2/24/14 3:34:01 PM,C,17.699
2/24/14 4:24:01 PM,C,17.198
2/24/14 5:14:01 PM,C,16.195
2/24/14 6:04:01 PM,C,15.694
2/24/14 6:54:01 PM,C,13.186
2/24/14 7:44:01 PM,C,11.179
2/24/14 8:34:01 PM,C,10.174
2/24/14 9:24:01 PM,C,10.174
2/24/14 10:14:01 PM,C,8.667
2/24/14 11:04:01 PM,C,8.667
2/24/14 11:54:01 PM,C,8.667
2/25/14 12:44:01 AM,C,8.667
2/25/14 1:34:01 AM,C,8.165
2/25/14 2:24:01 AM,C,7.662
2/25/14 3:14:01 AM,C,7.662
2/25/14 4:04:01 AM,C,7.662
2/25/14 4:54:01 AM,C,7.662
2/25/14 5:44:01 AM,C,7.16
2/25/14 6:34:01 AM,C,7.662
2/25/14 7:24:01 AM,C,7.662
2/25/14 8:14:01 AM,C,9.17
2/25/14 9:04:01 AM,C,11.681
2/25/14 9:54:01 AM,C,13.186
2/25/14 10:44:01 AM,C,13.186
2/25/14 11:34:01 AM,C,14.189
2/25/14 12:24:01 PM,C,15.192
2/25/14 1:14:01 PM,C,18.2
2/25/14 2:04:01 PM,C,18.2
2/25/14 2:54:01 PM,C,16.697
2/25/14 3:44:01 PM,C,17.699
2/25/14 4:34:01 PM,C,16.195
2/25/14 5:24:01 PM,C,15.192
2/25/14 6:14:01 PM,C,14.189
2/25/14 7:04:01 PM,C,12.684
2/25/14 7:54:01 PM,C,12.684
2/25/14 8:44:01 PM,C,11.681
2/25/14 9:34:01 PM,C,11.179
2/25/14 10:24:01 PM,C,11.681
2/25/14 11:14:01 PM,C,11.179
2/26/14 12:04:01 AM,C,10.676
2/26/14 12:54:01 AM,C,9.672
2/26/14 1:44:01 AM,C,9.17
2/26/14 2:34:01 AM,C,8.667
2/26/14 3:24:01 AM,C,8.165
2/26/14 4:14:01 AM,C,8.165
2/26/14 5:04:01 AM,C,8.165
2/26/14 5:54:01 AM,C,4.143
2/26/14 6:44:01 AM,C,4.646
2/26/14 7:34:01 AM,C,4.143
2/26/14 8:24:01 AM,C,3.137
2/26/14 9:14:01 AM,C,5.652
2/26/14 10:04:01 AM,C,9.672
2/26/14 10:54:01 AM,C,5.652
2/26/14 11:44:01 AM,C,14.189
2/26/14 12:34:01 PM,C,11.681
2/26/14 1:24:01 PM,C,14.189
2/26/14 2:14:01 PM,C,12.182
2/26/14 3:04:01 PM,C,11.179
2/26/14 3:54:01 PM,C,11.179
2/26/14 4:44:01 PM,C,9.672
2/26/14 5:34:01 PM,C,8.165
2/26/14 6:24:01 PM,C,7.16
2/26/14 7:14:01 PM,C,6.155
2/26/14 8:04:01 PM,C,5.652
2/26/14 8:54:01 PM,C,5.149
2/26/14 9:44:01 PM,C,4.646
2/26/14 10:34:01 PM,C,4.143
2/26/14 11:24:01 PM,C,4.646
2/27/14 12:14:01 AM,C,4.646
2/27/14 1:04:01 AM,C,5.149
2/27/14 1:54:01 AM,C,4.646
2/27/14 2:44:01 AM,C,4.646
2/27/14 3:34:01 AM,C,5.149
2/27/14 4:24:01 AM,C,4.143
2/27/14 5:14:01 AM,C,7.662
2/27/14 6:04:01 AM,C,8.165
2/27/14 6:54:01 AM,C,7.662
2/27/14 7:44:01 AM,C,8.165
2/27/14 8:34:01 AM,C,8.165
2/27/14 9:24:01 AM,C,11.681
2/27/14 10:14:01 AM,C,11.681
2/27/14 11:04:01 AM,C,14.189
2/27/14 11:54:01 AM,C,15.694
2/27/14 12:44:01 PM,C,16.697
2/27/14 1:34:01 PM,C,16.697
2/27/14 2:24:01 PM,C,16.697
2/27/14 3:14:01 PM,C,14.691
2/27/14 4:04:01 PM,C,15.192
2/27/14 4:54:01 PM,C,13.688
2/27/14 5:44:01 PM,C,12.684
2/27/14 6:34:01 PM,C,10.676
2/27/14 7:24:01 PM,C,9.17
2/27/14 8:14:01 PM,C,8.165
2/27/14 9:04:01 PM,C,7.662
2/27/14 9:54:01 PM,C,9.17
2/27/14 10:44:01 PM,C,11.179
2/27/14 11:34:01 PM,C,11.681
2/28/14 12:24:01 AM,C,11.179
2/28/14 1:14:01 AM,C,10.676
2/28/14 2:04:01 AM,C,10.676
2/28/14 2:54:01 AM,C,9.672
2/28/14 3:44:01 AM,C,10.174
2/28/14 4:34:01 AM,C,8.165
2/28/14 5:24:01 AM,C,8.667
2/28/14 6:14:01 AM,C,7.662
2/28/14 7:04:01 AM,C,7.16
2/28/14 7:54:01 AM,C,7.16
2/28/14 8:44:01 AM,C,7.662
2/28/14 9:34:01 AM,C,12.684
2/28/14 10:24:01 AM,C,11.681
2/28/14 11:14:01 AM,C,13.186
2/28/14 12:04:01 PM,C,17.699
2/28/14 12:54:01 PM,C,16.195
2/28/14 1:44:01 PM,C,17.699
2/28/14 2:34:01 PM,C,16.697
2/28/14 3:24:01 PM,C,16.697
2/28/14 4:14:01 PM,C,16.195
2/28/14 5:04:01 PM,C,14.189
2/28/14 5:54:01 PM,C,13.688
2/28/14 6:44:01 PM,C,12.684
2/28/14 7:34:01 PM,C,12.684
2/28/14 8:24:01 PM,C,9.17
2/28/14 9:14:01 PM,C,8.667
2/28/14 10:04:01 PM,C,8.667
2/28/14 10:54:01 PM,C,8.165
2/28/14 11:44:01 PM,C,8.667
3/1/14 12:34:01 AM,C,8.667
3/1/14 1:24:01 AM,C,8.165
3/1/14 2:14:01 AM,C,8.667
3/1/14 3:04:01 AM,C,11.681
3/1/14 3:54:01 AM,C,8.165
3/1/14 4:44:01 AM,C,8.165
3/1/14 5:34:01 AM,C,6.657
3/1/14 6:24:01 AM,C,6.657
3/1/14 7:14:01 AM,C,6.155
3/1/14 8:04:01 AM,C,8.165
3/1/14 8:54:01 AM,C,11.179
3/1/14 9:44:01 AM,C,11.681
3/1/14 10:34:01 AM,C,15.694
3/1/14 11:24:01 AM,C,14.691
3/1/14 12:14:01 PM,C,15.192
3/1/14 1:04:01 PM,C,18.701
3/1/14 1:54:01 PM,C,19.202
3/1/14 2:44:01 PM,C,18.2
3/1/14 3:34:01 PM,C,18.2
3/1/14 4:24:01 PM,C,17.198
3/1/14 5:14:01 PM,C,14.691
3/1/14 6:04:01 PM,C,12.684
3/1/14 6:54:01 PM,C,11.179
3/1/14 7:44:01 PM,C,9.672
3/1/14 8:34:01 PM,C,9.17
3/1/14 9:24:01 PM,C,10.174
3/1/14 10:14:01 PM,C,8.667
3/1/14 11:04:01 PM,C,8.667
3/1/14 11:54:01 PM,C,9.17
3/2/14 12:44:01 AM,C,9.672
3/2/14 1:34:01 AM,C,9.17
3/2/14 2:24:01 AM,C,11.179
3/2/14 3:14:01 AM,C,11.179
3/2/14 4:04:01 AM,C,10.174
3/2/14 4:54:01 AM,C,8.165
3/2/14 5:44:01 AM,C,7.16
3/2/14 6:34:01 AM,C,9.672
3/2/14 7:24:01 AM,C,8.667
3/2/14 8:14:01 AM,C,9.17
3/2/14 9:04:01 AM,C,9.672
3/2/14 9:54:01 AM,C,15.192
3/2/14 10:44:01 AM,C,11.681
3/2/14 11:34:01 AM,C,11.179
3/2/14 12:24:01 PM,C,9.672
3/2/14 1:14:01 PM,C,8.165
3/2/14 2:04:01 PM,C,13.186
3/2/14 2:54:01 PM,C,12.684
3/2/14 3:44:01 PM,C,10.174
3/2/14 4:34:01 PM,C,11.681
3/2/14 5:24:01 PM,C,9.17
3/2/14 6:14:01 PM,C,8.165
3/2/14 7:04:01 PM,C,6.657
3/2/14 7:54:01 PM,C,4.646
3/2/14 8:44:01 PM,C,3.64
3/2/14 9:34:01 PM,C,3.64
3/2/14 10:24:01 PM,C,3.137
3/2/14 11:14:01 PM,C,1.627
3/3/14 12:04:01 AM,C,3.64
3/3/14 12:54:01 AM,C,2.13
3/3/14 1:44:01 AM,C,2.13
3/3/14 2:34:01 AM,C,3.137
3/3/14 3:24:01 AM,C,2.633
3/3/14 4:14:01 AM,C,3.64
3/3/14 5:04:01 AM,C,3.64
3/3/14 5:54:01 AM,C,3.64
3/3/14 6:44:01 AM,C,4.143
3/3/14 7:34:01 AM,C,4.143
3/3/14 8:24:01 AM,C,5.149
3/3/14 9:14:01 AM,C,7.662
3/3/14 10:04:01 AM,C,7.662
3/3/14 10:54:01 AM,C,9.17
3/3/14 11:44:01 AM,C,12.684
3/3/14 12:34:01 PM,C,11.179
3/3/14 1:24:01 PM,C,11.179
3/3/14 2:14:01 PM,C,9.672
3/3/14 3:04:01 PM,C,8.667
3/3/14 3:54:01 PM,C,8.667
3/3/14 4:44:01 PM,C,7.16
3/3/14 5:34:01 PM,C,7.16
3/3/14 6:24:01 PM,C,5.652
3/3/14 7:14:01 PM,C,4.646
3/3/14 8:04:01 PM,C,3.64
3/3/14 8:54:01 PM,C,6.155
3/3/14 9:44:01 PM,C,4.646
3/3/14 10:34:01 PM,C,3.64
3/3/14 11:24:01 PM,C,4.646
3/4/14 12:14:01 AM,C,4.143
3/4/14 1:04:01 AM,C,3.64
3/4/14 1:54:01 AM,C,3.64
3/4/14 2:44:01 AM,C,3.64
3/4/14 3:34:01 AM,C,3.137
3/4/14 4:24:01 AM,C,3.64
3/4/14 5:14:01 AM,C,2.13
3/4/14 6:04:01 AM,C,1.123
3/4/14 6:54:01 AM,C,0.62
3/4/14 7:44:01 AM,C,0.62
3/4/14 8:34:01 AM,C,3.137
3/4/14 9:24:01 AM,C,11.179
3/4/14 10:14:01 AM,C,10.676
3/4/14 11:04:01 AM,C,11.179
3/4/14 11:54:01 AM,C,18.2
3/4/14 12:44:01 PM,C,15.192
3/4/14 1:34:01 PM,C,18.701
3/4/14 2:24:01 PM,C,15.192
3/4/14 3:14:01 PM,C,15.192
3/4/14 4:04:01 PM,C,15.694
3/4/14 4:54:01 PM,C,13.688
3/4/14 5:44:01 PM,C,12.182
3/4/14 6:34:01 PM,C,10.676
3/4/14 7:24:01 PM,C,9.672
3/4/14 8:14:01 PM,C,9.17
3/4/14 9:04:01 PM,C,8.165
3/4/14 9:54:01 PM,C,8.667
3/4/14 10:44:01 PM,C,8.667
3/4/14 11:34:01 PM,C,8.667
3/5/14 12:24:01 AM,C,7.16
3/5/14 1:14:01 AM,C,8.165
3/5/14 2:04:01 AM,C,7.662
3/5/14 2:54:01 AM,C,7.16
3/5/14 3:44:01 AM,C,8.165
3/5/14 4:34:01 AM,C,7.662
3/5/14 5:24:01 AM,C,4.646
3/5/14 6:14:01 AM,C,3.137
3/5/14 7:04:01 AM,C,3.64
3/5/14 7:54:01 AM,C,3.137
3/5/14 8:44:01 AM,C,5.652
3/5/14 9:34:01 AM,C,12.182
3/5/14 10:24:01 AM,C,9.672
3/5/14 11:14:01 AM,C,10.676
3/5/14 12:04:01 PM,C,14.189
3/5/14 12:54:01 PM,C,11.681
3/5/14 1:44:01 PM,C,12.182
3/5/14 2:34:01 PM,C,12.182
3/5/14 3:24:01 PM,C,11.179
3/5/14 4:14:01 PM,C,10.676
3/5/14 5:04:01 PM,C,8.667
3/5/14 5:54:01 PM,C,7.16
3/5/14 6:44:01 PM,C,6.657
3/5/14 7:34:01 PM,C,5.149
3/5/14 8:24:01 PM,C,4.646
3/5/14 9:14:01 PM,C,3.64
3/5/14 10:04:01 PM,C,3.137
3/5/14 10:54:01 PM,C,1.627
3/5/14 11:44:01 PM,C,0.116
3/6/14 12:34:01 AM,C,0.62
3/6/14 1:24:01 AM,C,1.627
3/6/14 2:14:01 AM,C,2.13
3/6/14 3:04:01 AM,C,1.627
3/6/14 3:54:01 AM,C,1.123
3/6/14 4:44:01 AM,C,1.627
3/6/14 5:34:01 AM,C,1.627
3/6/14 6:24:01 AM,C,1.627
3/6/14 7:14:01 AM,C,1.627
3/6/14 8:04:01 AM,C,2.633
3/6/14 8:54:01 AM,C,9.672
3/6/14 9:44:01 AM,C,13.186
3/6/14 10:34:01 AM,C,12.684
3/6/14 11:24:01 AM,C,15.694
3/6/14 12:14:01 PM,C,18.701
3/6/14 1:04:01 PM,C,15.192
3/6/14 1:54:01 PM,C,16.697
3/6/14 2:44:01 PM,C,16.195
3/6/14 3:34:01 PM,C,16.697
3/6/14 4:24:01 PM,C,15.192
3/6/14 5:14:01 PM,C,12.684
3/6/14 6:04:01 PM,C,12.182
3/6/14 6:54:01 PM,C,10.676
3/6/14 7:44:01 PM,C,10.174
3/6/14 8:34:01 PM,C,9.672
3/6/14 9:24:01 PM,C,9.672
3/6/14 10:14:01 PM,C,9.17
3/6/14 11:04:01 PM,C,9.672
3/6/14 11:54:01 PM,C,9.17
3/7/14 12:44:01 AM,C,9.17
3/7/14 1:34:01 AM,C,9.17
3/7/14 2:24:01 AM,C,7.662
3/7/14 3:14:01 AM,C,8.667
3/7/14 4:04:01 AM,C,7.16
3/7/14 4:54:01 AM,C,6.657
3/7/14 5:44:01 AM,C,8.667
3/7/14 6:34:01 AM,C,10.174
3/7/14 7:24:01 AM,C,10.676
3/7/14 8:14:01 AM,C,11.179
3/7/14 9:04:01 AM,C,12.182
3/7/14 9:54:01 AM,C,12.684
3/7/14 10:44:01 AM,C,15.694
3/7/14 11:34:01 AM,C,14.691
3/7/14 12:24:01 PM,C,15.694
3/7/14 1:14:01 PM,C,18.2
3/7/14 2:04:01 PM,C,18.701
3/7/14 2:54:01 PM,C,17.699
3/7/14 3:44:01 PM,C,17.198
3/7/14 4:34:01 PM,C,15.694
3/7/14 5:24:01 PM,C,14.189
3/7/14 6:14:01 PM,C,14.189
3/7/14 7:04:01 PM,C,11.681
3/7/14 7:54:01 PM,C,12.684
3/7/14 8:44:01 PM,C,11.179
3/7/14 9:34:01 PM,C,9.672
3/7/14 10:24:01 PM,C,10.676
3/7/14 11:14:01 PM,C,9.672
3/8/14 12:04:01 AM,C,9.17
3/8/14 12:54:01 AM,C,9.17
3/8/14 1:44:01 AM,C,9.17
3/8/14 2:34:01 AM,C,8.165
3/8/14 3:24:01 AM,C,7.16
3/8/14 4:14:01 AM,C,7.662
3/8/14 5:04:01 AM,C,7.662
3/8/14 5:54:01 AM,C,6.657
3/8/14 6:44:01 AM,C,4.646
3/8/14 7:34:01 AM,C,4.143
3/8/14 8:24:01 AM,C,3.137
3/8/14 9:14:01 AM,C,6.657
3/8/14 10:04:01 AM,C,7.662
3/8/14 10:54:01 AM,C,8.165
3/8/14 11:44:01 AM,C,9.17
3/8/14 12:34:01 PM,C,6.657
3/8/14 1:24:01 PM,C,6.155
3/8/14 2:14:01 PM,C,7.16
3/8/14 3:04:01 PM,C,6.657
3/8/14 3:54:01 PM,C,6.155
3/8/14 4:44:01 PM,C,5.652
3/8/14 5:34:01 PM,C,3.64
3/8/14 6:24:01 PM,C,2.633
3/8/14 7:14:01 PM,C,2.13
3/8/14 8:04:01 PM,C,1.123
3/8/14 8:54:01 PM,C,1.123
3/8/14 9:44:01 PM,C,1.123
3/8/14 10:34:01 PM,C,-0.387
3/8/14 11:24:01 PM,C,-1.395
3/9/14 12:14:01 AM,C,-1.395
3/9/14 1:04:01 AM,C,-1.899
3/9/14 1:54:01 AM,C,-1.899
3/9/14 3:44:01 AM,C,-1.899
3/9/14 4:34:01 AM,C,-2.403
3/9/14 5:24:01 AM,C,-2.403
3/9/14 6:14:01 AM,C,-2.907
3/9/14 7:04:01 AM,C,-2.403
3/9/14 7:54:01 AM,C,-2.403
3/9/14 8:44:01 AM,C,-2.403
3/9/14 9:34:01 AM,C,-0.891
3/9/14 10:24:01 AM,C,2.13
3/9/14 11:14:01 AM,C,2.13
3/9/14 12:04:01 PM,C,4.143
3/9/14 12:54:01 PM,C,4.646
3/9/14 1:44:01 PM,C,4.143
3/9/14 2:34:01 PM,C,4.143
3/9/14 3:24:01 PM,C,4.646
3/9/14 4:14:01 PM,C,4.143
3/9/14 5:04:01 PM,C,5.149
3/9/14 5:54:01 PM,C,6.155
3/9/14 6:44:01 PM,C,5.652
3/9/14 7:34:01 PM,C,4.646
3/9/14 8:24:01 PM,C,3.137
3/9/14 9:14:01 PM,C,2.633
3/9/14 10:04:01 PM,C,2.633
3/9/14 10:54:01 PM,C,2.13
3/9/14 11:44:01 PM,C,4.143
3/10/14 12:34:01 AM,C,2.633
3/10/14 1:24:01 AM,C,4.143
3/10/14 2:14:01 AM,C,3.64
3/10/14 3:04:01 AM,C,4.143
3/10/14 3:54:01 AM,C,4.143
3/10/14 4:44:01 AM,C,3.64
3/10/14 5:34:01 AM,C,2.633
3/10/14 6:24:01 AM,C,2.633
3/10/14 7:14:01 AM,C,2.633
3/10/14 8:04:01 AM,C,2.633
3/10/14 8:54:01 AM,C,3.137
3/10/14 9:44:01 AM,C,8.667
3/10/14 10:34:01 AM,C,11.681
3/10/14 11:24:01 AM,C,7.662
3/10/14 12:14:01 PM,C,9.672
3/10/14 1:04:01 PM,C,9.672
3/10/14 1:54:01 PM,C,11.681
3/10/14 2:44:01 PM,C,15.694
3/10/14 3:34:01 PM,C,13.688
3/10/14 4:24:01 PM,C,13.688
3/10/14 5:14:01 PM,C,13.186
3/10/14 6:04:01 PM,C,11.681
3/10/14 6:54:01 PM,C,9.17
3/10/14 7:44:01 PM,C,8.667
3/10/14 8:34:01 PM,C,8.165
3/10/14 9:24:01 PM,C,8.165
3/10/14 10:14:01 PM,C,8.165
3/10/14 11:04:01 PM,C,8.165
3/10/14 11:54:01 PM,C,7.662
3/11/14 12:44:01 AM,C,7.16
3/11/14 1:34:01 AM,C,7.662
3/11/14 2:24:01 AM,C,7.662
3/11/14 3:14:01 AM,C,6.657
3/11/14 4:04:01 AM,C,6.155
3/11/14 4:54:01 AM,C,7.16
3/11/14 5:44:01 AM,C,7.16
3/11/14 6:34:01 AM,C,6.155
3/11/14 7:24:01 AM,C,4.646
3/11/14 8:14:01 AM,C,5.652
3/11/14 9:04:01 AM,C,6.155
3/11/14 9:54:01 AM,C,8.667
3/11/14 10:44:01 AM,C,11.179
3/11/14 11:34:01 AM,C,11.179
3/11/14 12:24:01 PM,C,14.189
3/11/14 1:14:01 PM,C,18.2
3/11/14 2:04:01 PM,C,16.697
3/11/14 2:54:01 PM,C,17.198
3/11/14 3:44:01 PM,C,16.697
3/11/14 4:34:01 PM,C,16.697
3/11/14 5:24:01 PM,C,16.195
3/11/14 6:14:01 PM,C,13.688
3/11/14 7:04:01 PM,C,11.681
3/11/14 7:54:01 PM,C,9.17
3/11/14 8:44:01 PM,C,7.662
3/11/14 9:34:01 PM,C,7.16
3/11/14 10:24:01 PM,C,6.657
3/11/14 11:14:01 PM,C,6.155
3/12/14 12:04:01 AM,C,5.652
3/12/14 12:54:01 AM,C,5.149
3/12/14 1:44:01 AM,C,5.149
3/12/14 2:34:01 AM,C,3.137
3/12/14 3:24:01 AM,C,0.62
3/12/14 4:14:01 AM,C,-0.891
3/12/14 5:04:01 AM,C,-1.899
3/12/14 5:54:01 AM,C,-2.907
3/12/14 6:44:01 AM,C,-3.915
3/12/14 7:34:01 AM,C,-4.419
3/12/14 8:24:01 AM,C,-5.428
3/12/14 9:14:01 AM,C,-4.924
3/12/14 10:04:01 AM,C,-3.915
3/12/14 10:54:01 AM,C,0.62
3/12/14 11:44:01 AM,C,1.123
3/12/14 12:34:01 PM,C,6.657
3/12/14 1:24:01 PM,C,7.662
3/12/14 2:14:01 PM,C,5.652
3/12/14 3:04:01 PM,C,5.652
3/12/14 3:54:01 PM,C,5.652
3/12/14 4:44:01 PM,C,5.652
3/12/14 5:34:01 PM,C,6.155
3/12/14 6:24:01 PM,C,3.64
3/12/14 7:14:01 PM,C,2.633
3/12/14 8:04:01 PM,C,1.123
3/12/14 8:54:01 PM,C,0.116
3/12/14 9:44:01 PM,C,-0.387
3/12/14 10:34:01 PM,C,0.116
3/12/14 11:24:01 PM,C,1.627
3/13/14 12:14:01 AM,C,1.123
3/13/14 1:04:01 AM,C,2.13
3/13/14 1:54:01 AM,C,2.633
3/13/14 2:44:01 AM,C,3.137
3/13/14 3:34:01 AM,C,2.633
3/13/14 4:24:01 AM,C,2.633
3/13/14 5:14:01 AM,C,-0.891
3/13/14 6:04:01 AM,C,-0.891
3/13/14 6:54:01 AM,C,-0.387
3/13/14 7:44:01 AM,C,-0.891
3/13/14 8:34:01 AM,C,1.123
3/13/14 9:24:01 AM,C,1.123
3/13/14 10:14:01 AM,C,8.667
3/13/14 11:04:01 AM,C,8.165
3/13/14 11:54:01 AM,C,9.17
3/13/14 12:44:01 PM,C,14.189
3/13/14 1:34:01 PM,C,13.688
3/13/14 2:24:01 PM,C,13.186
3/13/14 3:14:01 PM,C,11.681
3/13/14 4:04:01 PM,C,13.186
3/13/14 4:54:01 PM,C,12.684
3/13/14 5:44:01 PM,C,12.182
3/13/14 6:34:01 PM,C,10.174
3/13/14 7:24:01 PM,C,9.672
3/13/14 8:14:01 PM,C,8.667
3/13/14 9:04:01 PM,C,7.662
3/13/14 9:54:01 PM,C,7.662
3/13/14 10:44:01 PM,C,8.165
3/13/14 11:34:01 PM,C,8.165
3/14/14 12:24:01 AM,C,8.165
3/14/14 1:14:01 AM,C,7.16
3/14/14 2:04:01 AM,C,7.16
3/14/14 2:54:01 AM,C,5.652
3/14/14 3:44:01 AM,C,5.652
3/14/14 4:34:01 AM,C,6.155
3/14/14 5:24:01 AM,C,8.667
3/14/14 6:14:01 AM,C,9.672
3/14/14 7:04:01 AM,C,9.672
3/14/14 7:54:01 AM,C,6.657
3/14/14 8:44:01 AM,C,7.16
3/14/14 9:34:01 AM,C,8.165
3/14/14 10:24:01 AM,C,16.697
3/14/14 11:14:01 AM,C,17.198
3/14/14 12:04:01 PM,C,16.697
3/14/14 12:54:01 PM,C,20.704
3/14/14 1:44:01 PM,C,18.2
3/14/14 2:34:01 PM,C,17.699
3/14/14 3:24:01 PM,C,17.198
3/14/14 4:14:01 PM,C,16.195
3/14/14 5:04:01 PM,C,17.699
3/14/14 5:54:01 PM,C,16.195
3/14/14 6:44:01 PM,C,14.691
3/14/14 7:34:01 PM,C,13.186
3/14/14 8:24:01 PM,C,9.672
3/14/14 9:14:01 PM,C,9.17
3/14/14 10:04:01 PM,C,9.17
3/14/14 10:54:01 PM,C,9.17
3/14/14 11:44:01 PM,C,8.667
3/15/14 12:34:01 AM,C,9.17
3/15/14 1:24:01 AM,C,9.17
3/15/14 2:14:01 AM,C,7.662
3/15/14 3:04:01 AM,C,6.155
3/15/14 3:54:01 AM,C,5.149
3/15/14 4:44:01 AM,C,4.646
3/15/14 5:34:01 AM,C,4.143
3/15/14 6:24:01 AM,C,3.64
3/15/14 7:14:01 AM,C,2.633
3/15/14 8:04:01 AM,C,2.13
3/15/14 8:54:01 AM,C,3.64
3/15/14 9:44:01 AM,C,6.657
3/15/14 10:34:01 AM,C,9.672
3/15/14 11:24:01 AM,C,10.676
3/15/14 12:14:01 PM,C,12.182
3/15/14 1:04:01 PM,C,14.691
3/15/14 1:54:01 PM,C,13.688
3/15/14 2:44:01 PM,C,15.192
3/15/14 3:34:01 PM,C,14.189
3/15/14 4:24:01 PM,C,12.182
3/15/14 5:14:01 PM,C,12.684
3/15/14 6:04:01 PM,C,12.182
3/15/14 6:54:01 PM,C,11.179
3/15/14 7:44:01 PM,C,9.672
3/15/14 8:34:01 PM,C,8.165
3/15/14 9:24:01 PM,C,7.16
3/15/14 10:14:01 PM,C,5.652
3/15/14 11:04:01 PM,C,4.143
3/15/14 11:54:01 PM,C,2.633
3/16/14 12:44:01 AM,C,2.633
3/16/14 1:34:01 AM,C,0.62
3/16/14 2:24:01 AM,C,-0.891
3/16/14 3:14:01 AM,C,-1.899
3/16/14 4:04:01 AM,C,-2.403
3/16/14 4:54:01 AM,C,-2.403
3/16/14 5:44:01 AM,C,-2.403
3/16/14 6:34:01 AM,C,-2.403
3/16/14 7:24:01 AM,C,-2.907
3/16/14 8:14:01 AM,C,-3.411
3/16/14 9:04:01 AM,C,-3.411
3/16/14 9:54:01 AM,C,-3.411
3/16/14 10:44:01 AM,C,-2.907
3/16/14 11:34:01 AM,C,-2.907
3/16/14 12:24:01 PM,C,-1.899
3/16/14 1:14:01 PM,C,-1.395
3/16/14 2:04:01 PM,C,2.13
3/16/14 2:54:01 PM,C,2.633
3/16/14 3:44:01 PM,C,4.143
3/16/14 4:34:01 PM,C,4.143
3/16/14 5:24:01 PM,C,6.155
3/16/14 6:14:01 PM,C,2.13
3/16/14 7:04:01 PM,C,1.123
3/16/14 7:54:01 PM,C,-1.395
3/16/14 8:44:01 PM,C,-2.403
3/16/14 9:34:01 PM,C,-2.907
3/16/14 10:24:01 PM,C,-3.411
3/16/14 11:14:01 PM,C,-3.915
3/17/14 12:04:01 AM,C,-3.915
3/17/14 12:54:01 AM,C,-3.915
3/17/14 1:44:01 AM,C,-3.915
3/17/14 2:34:01 AM,C,-3.411
3/17/14 3:24:01 AM,C,-3.411
3/17/14 4:14:01 AM,C,-3.411
3/17/14 5:04:01 AM,C,-2.907
3/17/14 5:54:01 AM,C,-2.907
3/17/14 6:44:01 AM,C,-2.403
3/17/14 7:34:01 AM,C,-0.891
3/17/14 8:24:01 AM,C,-2.907
3/17/14 9:14:01 AM,C,3.137
3/17/14 10:04:01 AM,C,8.667
3/17/14 10:54:01 AM,C,11.681
3/17/14 11:44:01 AM,C,12.684
3/17/14 12:34:01 PM,C,18.701
3/17/14 1:24:01 PM,C,18.701
3/17/14 2:14:01 PM,C,14.189
3/17/14 3:04:01 PM,C,13.186
3/17/14 3:54:01 PM,C,13.186
3/17/14 4:44:01 PM,C,12.684
3/17/14 5:34:01 PM,C,12.684
3/17/14 6:24:01 PM,C,11.179
3/17/14 7:14:01 PM,C,11.681
3/17/14 8:04:01 PM,C,10.676
3/17/14 8:54:01 PM,C,10.676
3/17/14 9:44:01 PM,C,8.165
3/17/14 10:34:01 PM,C,7.662
3/17/14 11:24:01 PM,C,5.652
3/18/14 12:14:01 AM,C,5.652
3/18/14 1:04:01 AM,C,8.165
3/18/14 1:54:01 AM,C,9.672
3/18/14 2:44:01 AM,C,9.17
3/18/14 3:34:01 AM,C,9.672
3/18/14 4:24:01 AM,C,9.17
3/18/14 5:14:01 AM,C,9.17
3/18/14 6:04:01 AM,C,8.667
3/18/14 6:54:01 AM,C,8.667
3/18/14 7:44:01 AM,C,8.667
3/18/14 8:34:01 AM,C,7.662
3/18/14 9:24:01 AM,C,7.662
3/18/14 10:14:01 AM,C,10.174
3/18/14 11:04:01 AM,C,9.672
3/18/14 11:54:01 AM,C,11.681
3/18/14 12:44:01 PM,C,19.202
3/18/14 1:34:01 PM,C,16.697
3/18/14 2:24:01 PM,C,19.202
3/18/14 3:14:01 PM,C,17.198
3/18/14 4:04:01 PM,C,17.699
3/18/14 4:54:01 PM,C,16.195
3/18/14 5:44:01 PM,C,14.691
3/18/14 6:34:01 PM,C,13.186
3/18/14 7:24:01 PM,C,12.182
3/18/14 8:14:01 PM,C,12.182
3/18/14 9:04:01 PM,C,9.17
3/18/14 9:54:01 PM,C,6.657
3/18/14 10:44:01 PM,C,7.16
3/18/14 11:34:01 PM,C,7.16
3/19/14 12:24:01 AM,C,7.16
3/19/14 1:14:01 AM,C,6.155
3/19/14 2:04:01 AM,C,4.143
3/19/14 2:54:01 AM,C,4.143
3/19/14 3:44:01 AM,C,3.137
3/19/14 4:34:01 AM,C,2.13
3/19/14 5:24:01 AM,C,1.123
3/19/14 6:14:01 AM,C,-0.891
3/19/14 7:04:01 AM,C,-0.387
3/19/14 7:54:01 AM,C,0.116
3/19/14 8:44:01 AM,C,2.13
3/19/14 9:34:01 AM,C,7.16
3/19/14 10:24:01 AM,C,10.676
3/19/14 11:14:01 AM,C,8.165
3/19/14 12:04:01 PM,C,11.681
3/19/14 12:54:01 PM,C,17.198
3/19/14 1:44:01 PM,C,15.694
3/19/14 2:34:01 PM,C,17.699
3/19/14 3:24:01 PM,C,15.694
3/19/14 4:14:01 PM,C,15.192
3/19/14 5:04:01 PM,C,14.189
3/19/14 5:54:01 PM,C,12.684
3/19/14 6:44:01 PM,C,9.672
3/19/14 7:34:01 PM,C,7.16
3/19/14 8:24:01 PM,C,5.149
3/19/14 9:14:01 PM,C,3.137
3/19/14 10:04:01 PM,C,3.64
3/19/14 10:54:01 PM,C,3.64
3/19/14 11:44:01 PM,C,3.64
3/20/14 12:34:01 AM,C,3.64
3/20/14 1:24:01 AM,C,3.64
3/20/14 2:14:01 AM,C,4.143
3/20/14 3:04:01 AM,C,4.143
3/20/14 3:54:01 AM,C,3.64
3/20/14 4:44:01 AM,C,4.143
3/20/14 5:34:01 AM,C,4.143
3/20/14 6:24:01 AM,C,4.143
3/20/14 7:14:01 AM,C,4.646
3/20/14 8:04:01 AM,C,4.143
3/20/14 8:54:01 AM,C,6.155
3/20/14 9:44:01 AM,C,10.174
3/20/14 10:34:01 AM,C,14.189
3/20/14 11:24:01 AM,C,14.189
3/20/14 12:14:01 PM,C,17.198
3/20/14 1:04:01 PM,C,18.2
3/20/14 1:54:01 PM,C,16.195
3/20/14 2:44:01 PM,C,18.2
3/20/14 3:34:01 PM,C,17.699
3/20/14 4:24:01 PM,C,18.2
3/20/14 5:14:01 PM,C,17.198
3/20/14 6:04:01 PM,C,16.195
3/20/14 6:54:01 PM,C,14.691
3/20/14 7:44:01 PM,C,13.688
3/20/14 8:34:01 PM,C,12.684
3/20/14 9:24:01 PM,C,11.681
3/20/14 10:14:01 PM,C,11.179
3/20/14 11:04:01 PM,C,11.681
3/20/14 11:54:01 PM,C,11.179
3/21/14 12:44:01 AM,C,11.681
3/21/14 1:34:01 AM,C,11.681
3/21/14 2:24:01 AM,C,11.179
3/21/14 3:14:01 AM,C,10.676
3/21/14 4:04:01 AM,C,9.672
3/21/14 4:54:01 AM,C,7.16
3/21/14 5:44:01 AM,C,8.165
3/21/14 6:34:01 AM,C,10.676
3/21/14 7:24:01 AM,C,10.676
3/21/14 8:14:01 AM,C,10.676
3/21/14 9:04:01 AM,C,11.179
3/21/14 9:54:01 AM,C,12.684
3/21/14 10:44:01 AM,C,14.691
3/21/14 11:34:01 AM,C,15.694
3/21/14 12:24:01 PM,C,19.202
3/21/14 1:14:01 PM,C,22.206
3/21/14 2:04:01 PM,C,19.202
3/21/14 2:54:01 PM,C,19.703
3/21/14 3:44:01 PM,C,20.203
3/21/14 4:34:01 PM,C,19.202
3/21/14 5:24:01 PM,C,18.2
3/21/14 6:14:01 PM,C,17.198
3/21/14 7:04:01 PM,C,16.195
3/21/14 7:54:01 PM,C,15.192
3/21/14 8:44:01 PM,C,14.189
3/21/14 9:34:01 PM,C,14.691
3/21/14 10:24:01 PM,C,14.691
3/21/14 11:14:01 PM,C,14.691
3/22/14 12:04:01 AM,C,14.189
3/22/14 12:54:01 AM,C,13.688
3/22/14 1:44:01 AM,C,10.676
3/22/14 2:34:01 AM,C,9.17
3/22/14 3:24:01 AM,C,9.17
3/22/14 4:14:01 AM,C,8.165
3/22/14 5:04:01 AM,C,7.662
3/22/14 5:54:01 AM,C,7.662
3/22/14 6:44:01 AM,C,7.16
3/22/14 7:34:01 AM,C,6.155
3/22/14 8:24:01 AM,C,5.652
3/22/14 9:14:01 AM,C,8.165
3/22/14 10:04:01 AM,C,12.684
3/22/14 10:54:01 AM,C,14.691
3/22/14 11:44:01 AM,C,15.192
3/22/14 12:34:01 PM,C,18.701
3/22/14 1:24:01 PM,C,20.704
3/22/14 2:14:01 PM,C,18.2
3/22/14 3:04:01 PM,C,18.701
3/22/14 3:54:01 PM,C,18.2
3/22/14 4:44:01 PM,C,18.2
3/22/14 5:34:01 PM,C,17.699
3/22/14 6:24:01 PM,C,16.195
3/22/14 7:14:01 PM,C,14.691
3/22/14 8:04:01 PM,C,13.688
3/22/14 8:54:01 PM,C,10.676
3/22/14 9:44:01 PM,C,9.672
3/22/14 10:34:01 PM,C,11.179
3/22/14 11:24:01 PM,C,9.672
3/23/14 12:14:01 AM,C,9.672
3/23/14 1:04:01 AM,C,9.17
3/23/14 1:54:01 AM,C,8.667
3/23/14 2:44:01 AM,C,9.17
3/23/14 3:34:01 AM,C,9.672
3/23/14 4:24:01 AM,C,8.165
3/23/14 5:14:01 AM,C,7.662
3/23/14 6:04:01 AM,C,7.16
3/23/14 6:54:01 AM,C,6.657
3/23/14 7:44:01 AM,C,6.155
3/23/14 8:34:01 AM,C,5.652
3/23/14 9:24:01 AM,C,2.13
3/23/14 10:14:01 AM,C,3.137
3/23/14 11:04:01 AM,C,5.149
3/23/14 11:54:01 AM,C,5.149
3/23/14 12:44:01 PM,C,11.681
3/23/14 1:34:01 PM,C,12.182
3/23/14 2:24:01 PM,C,16.195
3/23/14 3:14:01 PM,C,13.688
3/23/14 4:04:01 PM,C,13.186
3/23/14 4:54:01 PM,C,14.691
3/23/14 5:44:01 PM,C,12.182
3/23/14 6:34:01 PM,C,10.174
3/23/14 7:24:01 PM,C,8.667
3/23/14 8:14:01 PM,C,6.657
3/23/14 9:04:01 PM,C,7.16
3/23/14 9:54:01 PM,C,9.17
3/23/14 10:44:01 PM,C,8.667
3/23/14 11:34:01 PM,C,8.165
3/24/14 12:24:01 AM,C,7.662
3/24/14 1:14:01 AM,C,7.16
3/24/14 2:04:01 AM,C,6.657
3/24/14 2:54:01 AM,C,6.155
3/24/14 3:44:01 AM,C,7.16
3/24/14 4:34:01 AM,C,9.17
3/24/14 5:24:01 AM,C,8.667
3/24/14 6:14:01 AM,C,8.667
3/24/14 7:04:01 AM,C,9.672
3/24/14 7:54:01 AM,C,10.174
3/24/14 8:44:01 AM,C,10.174
3/24/14 9:34:01 AM,C,11.681
3/24/14 10:24:01 AM,C,13.186
3/24/14 11:14:01 AM,C,14.691
3/24/14 12:04:01 PM,C,15.694
3/24/14 12:54:01 PM,C,21.705
3/24/14 1:44:01 PM,C,17.699
3/24/14 2:34:01 PM,C,20.704
3/24/14 3:24:01 PM,C,18.701
3/24/14 4:14:01 PM,C,17.198
3/24/14 5:04:01 PM,C,19.703
3/24/14 5:54:01 PM,C,16.195
3/24/14 6:44:01 PM,C,13.688
3/24/14 7:34:01 PM,C,11.179
3/24/14 8:24:01 PM,C,9.672
3/24/14 9:14:01 PM,C,8.165
3/24/14 10:04:01 PM,C,7.662
3/24/14 10:54:01 PM,C,8.667
3/24/14 11:44:01 PM,C,8.165
3/25/14 12:34:01 AM,C,8.165
3/25/14 1:24:01 AM,C,7.662
3/25/14 2:14:01 AM,C,8.667
3/25/14 3:04:01 AM,C,7.662
3/25/14 3:54:01 AM,C,7.662
3/25/14 4:44:01 AM,C,8.667
3/25/14 5:34:01 AM,C,6.657
3/25/14 6:24:01 AM,C,6.657
3/25/14 7:14:01 AM,C,6.657
3/25/14 8:04:01 AM,C,5.652
3/25/14 8:54:01 AM,C,5.652
3/25/14 9:44:01 AM,C,7.662
3/25/14 10:34:01 AM,C,8.165
3/25/14 11:24:01 AM,C,10.174
3/25/14 12:14:01 PM,C,9.672
3/25/14 1:04:01 PM,C,13.186
3/25/14 1:54:01 PM,C,12.684
3/25/14 2:44:01 PM,C,13.688
3/25/14 3:34:01 PM,C,12.684
3/25/14 4:24:01 PM,C,11.179
3/25/14 5:14:01 PM,C,12.182
3/25/14 6:04:01 PM,C,11.681
3/25/14 6:54:01 PM,C,11.179
3/25/14 7:44:01 PM,C,10.174
3/25/14 8:34:01 PM,C,9.17
3/25/14 9:24:01 PM,C,7.16
3/25/14 10:14:01 PM,C,7.16
3/25/14 11:04:01 PM,C,7.662
3/25/14 11:54:01 PM,C,6.657
3/26/14 12:44:01 AM,C,6.657
3/26/14 1:34:01 AM,C,6.657
3/26/14 2:24:01 AM,C,7.16
3/26/14 3:14:01 AM,C,5.149
3/26/14 4:04:01 AM,C,6.657
3/26/14 4:54:01 AM,C,6.155
3/26/14 5:44:01 AM,C,4.143
3/26/14 6:34:01 AM,C,4.143
3/26/14 7:24:01 AM,C,6.657
3/26/14 8:14:01 AM,C,6.657
3/26/14 9:04:01 AM,C,7.16
3/26/14 9:54:01 AM,C,10.174
3/26/14 10:44:01 AM,C,11.681
3/26/14 11:34:01 AM,C,12.182
3/26/14 12:24:01 PM,C,16.195
3/26/14 1:14:01 PM,C,19.703
3/26/14 2:04:01 PM,C,14.691
3/26/14 2:54:01 PM,C,16.195
3/26/14 3:44:01 PM,C,16.697
3/26/14 4:34:01 PM,C,16.195
3/26/14 5:24:01 PM,C,16.697
3/26/14 6:14:01 PM,C,14.691
3/26/14 7:04:01 PM,C,13.688
3/26/14 7:54:01 PM,C,13.186
3/26/14 8:44:01 PM,C,10.174
3/26/14 9:34:01 PM,C,8.667
3/26/14 10:24:01 PM,C,12.182
3/26/14 11:14:01 PM,C,9.672
3/27/14 12:04:01 AM,C,12.684
3/27/14 12:54:01 AM,C,12.182
3/27/14 1:44:01 AM,C,12.182
3/27/14 2:34:01 AM,C,12.182
3/27/14 3:24:01 AM,C,11.179
3/27/14 4:14:01 AM,C,11.179
3/27/14 5:04:01 AM,C,10.676
3/27/14 5:54:01 AM,C,10.676
3/27/14 6:44:01 AM,C,10.174
3/27/14 7:34:01 AM,C,9.672
3/27/14 8:24:01 AM,C,9.672
3/27/14 9:14:01 AM,C,11.179
3/27/14 10:04:01 AM,C,11.681
3/27/14 10:54:01 AM,C,12.684
3/27/14 11:44:01 AM,C,13.186
3/27/14 12:34:01 PM,C,17.699
3/27/14 1:24:01 PM,C,17.198
3/27/14 2:14:01 PM,C,19.202
3/27/14 3:04:01 PM,C,17.699
3/27/14 3:54:01 PM,C,18.2
3/27/14 4:44:01 PM,C,18.2
3/27/14 5:34:01 PM,C,17.699
3/27/14 6:24:01 PM,C,15.694
3/27/14 7:14:01 PM,C,14.691
3/27/14 8:04:01 PM,C,13.186
3/27/14 8:54:01 PM,C,10.676
3/27/14 9:44:01 PM,C,9.17
3/27/14 10:34:01 PM,C,8.667
3/27/14 11:24:01 PM,C,7.662
3/28/14 12:14:01 AM,C,7.16
3/28/14 1:04:01 AM,C,7.16
3/28/14 1:54:01 AM,C,6.155
3/28/14 2:44:01 AM,C,6.155
3/28/14 3:34:01 AM,C,6.657
3/28/14 4:24:01 AM,C,5.652
3/28/14 5:14:01 AM,C,4.646
3/28/14 6:04:01 AM,C,4.646
3/28/14 6:54:01 AM,C,3.64
3/28/14 7:44:01 AM,C,3.64
3/28/14 8:34:01 AM,C,4.143
3/28/14 9:24:01 AM,C,7.662
3/28/14 10:14:01 AM,C,10.174
3/28/14 11:04:01 AM,C,13.186
3/28/14 11:54:01 AM,C,12.182
3/28/14 12:44:01 PM,C,17.699
3/28/14 1:34:01 PM,C,17.198
3/28/14 2:24:01 PM,C,17.699
3/28/14 3:14:01 PM,C,15.694
3/28/14 4:04:01 PM,C,16.195
3/28/14 4:54:01 PM,C,17.198
3/28/14 5:44:01 PM,C,16.697
3/28/14 6:34:01 PM,C,12.684
3/28/14 7:24:01 PM,C,10.174
3/28/14 8:14:01 PM,C,8.165
3/28/14 9:04:01 PM,C,6.657
3/28/14 9:54:01 PM,C,5.652
3/28/14 10:44:01 PM,C,5.652
3/28/14 11:34:01 PM,C,5.149
3/29/14 12:24:01 AM,C,5.149
3/29/14 1:14:01 AM,C,6.657
3/29/14 2:04:01 AM,C,5.149
3/29/14 2:54:01 AM,C,6.657
3/29/14 3:44:01 AM,C,5.149
3/29/14 4:34:01 AM,C,5.149
3/29/14 5:24:01 AM,C,5.149
3/29/14 6:14:01 AM,C,4.646
3/29/14 7:04:01 AM,C,5.652
3/29/14 7:54:01 AM,C,5.149
3/29/14 8:44:01 AM,C,6.155
3/29/14 9:34:01 AM,C,10.676
3/29/14 10:24:01 AM,C,11.681
3/29/14 11:14:01 AM,C,13.186
3/29/14 12:04:01 PM,C,14.691
3/29/14 12:54:01 PM,C,19.202
3/29/14 1:44:01 PM,C,16.195
3/29/14 2:34:01 PM,C,17.198
3/29/14 3:24:01 PM,C,17.198
3/29/14 4:14:01 PM,C,16.697
3/29/14 5:04:01 PM,C,18.2
3/29/14 5:54:01 PM,C,16.697
3/29/14 6:44:01 PM,C,14.691
3/29/14 7:34:01 PM,C,13.688
3/29/14 8:24:01 PM,C,12.684
3/29/14 9:14:01 PM,C,11.681
3/29/14 10:04:01 PM,C,10.676
3/29/14 10:54:01 PM,C,10.174
3/29/14 11:44:01 PM,C,10.174
3/30/14 12:34:01 AM,C,10.676
3/30/14 1:24:01 AM,C,10.174
3/30/14 2:14:01 AM,C,8.667
3/30/14 3:04:01 AM,C,8.667
3/30/14 3:54:01 AM,C,9.672
3/30/14 4:44:01 AM,C,10.676
3/30/14 5:34:01 AM,C,9.672
3/30/14 6:24:01 AM,C,9.17
3/30/14 7:14:01 AM,C,9.17
3/30/14 8:04:01 AM,C,9.17
3/30/14 8:54:01 AM,C,10.676
3/30/14 9:44:01 AM,C,12.684
3/30/14 10:34:01 AM,C,14.691
3/30/14 11:24:01 AM,C,15.694
3/30/14 12:14:01 PM,C,18.2
3/30/14 1:04:01 PM,C,22.206
3/30/14 1:54:01 PM,C,19.703
3/30/14 2:44:01 PM,C,21.205
3/30/14 3:34:01 PM,C,22.206
3/30/14 4:24:01 PM,C,21.705
3/30/14 5:14:01 PM,C,21.705
3/30/14 6:04:01 PM,C,20.203
3/30/14 6:54:01 PM,C,18.701
3/30/14 7:44:01 PM,C,17.198
3/30/14 8:34:01 PM,C,16.697
3/30/14 9:24:01 PM,C,16.195
3/30/14 10:14:01 PM,C,16.195
3/30/14 11:04:01 PM,C,14.691
3/30/14 11:54:01 PM,C,14.189
3/31/14 12:44:01 AM,C,12.182
3/31/14 1:34:01 AM,C,11.681
3/31/14 2:24:01 AM,C,10.174
3/31/14 3:14:01 AM,C,9.672
3/31/14 4:04:01 AM,C,9.17
3/31/14 4:54:01 AM,C,8.667
3/31/14 5:44:01 AM,C,7.662
3/31/14 6:34:01 AM,C,8.165
3/31/14 7:24:01 AM,C,8.667
3/31/14 8:14:01 AM,C,9.17
3/31/14 9:04:01 AM,C,12.684
3/31/14 9:54:01 AM,C,13.688
3/31/14 10:44:01 AM,C,15.694
3/31/14 11:34:01 AM,C,15.694
3/31/14 12:24:01 PM,C,19.202
3/31/14 1:14:01 PM,C,22.206
3/31/14 2:04:01 PM,C,19.202
3/31/14 2:54:01 PM,C,19.703
3/31/14 3:44:01 PM,C,19.703
3/31/14 4:34:01 PM,C,20.704
3/31/14 5:24:01 PM,C,20.704
3/31/14 6:14:01 PM,C,18.2
3/31/14 7:04:01 PM,C,15.694
3/31/14 7:54:01 PM,C,14.189
3/31/14 8:44:01 PM,C,13.688
3/31/14 9:34:01 PM,C,12.182
3/31/14 10:24:01 PM,C,10.676
3/31/14 11:14:01 PM,C,10.174
4/1/14 12:04:01 AM,C,10.174
4/1/14 12:54:01 AM,C,9.672
4/1/14 1:44:01 AM,C,9.672
4/1/14 2:34:01 AM,C,9.672
4/1/14 3:24:01 AM,C,9.17
4/1/14 4:14:01 AM,C,8.667
4/1/14 5:04:01 AM,C,8.667
4/1/14 5:54:01 AM,C,7.662
4/1/14 6:44:01 AM,C,7.16
4/1/14 7:34:01 AM,C,7.16
4/1/14 8:24:01 AM,C,8.667
4/1/14 9:14:01 AM,C,14.691
4/1/14 10:04:01 AM,C,17.699
4/1/14 10:54:01 AM,C,18.2
4/1/14 11:44:01 AM,C,19.202
4/1/14 12:34:01 PM,C,24.707
4/1/14 1:24:01 PM,C,22.706
4/1/14 2:14:01 PM,C,24.207
4/1/14 3:04:01 PM,C,22.706
4/1/14 3:54:01 PM,C,22.206
4/1/14 4:44:01 PM,C,23.206
4/1/14 5:34:01 PM,C,21.705
4/1/14 6:24:01 PM,C,19.703
4/1/14 7:14:01 PM,C,18.2
4/1/14 8:04:01 PM,C,16.697
4/1/14 8:54:01 PM,C,13.186
4/1/14 9:44:01 PM,C,12.182
4/1/14 10:34:01 PM,C,11.681
4/1/14 11:24:01 PM,C,11.681
4/2/14 12:14:01 AM,C,11.179
4/2/14 1:04:01 AM,C,13.186
4/2/14 1:54:01 AM,C,10.174
4/2/14 2:44:01 AM,C,9.17
4/2/14 3:34:01 AM,C,8.667
4/2/14 4:24:01 AM,C,8.667
4/2/14 5:14:01 AM,C,9.672
4/2/14 6:04:01 AM,C,9.672
4/2/14 6:54:01 AM,C,10.174
4/2/14 7:44:01 AM,C,11.179
4/2/14 8:34:01 AM,C,11.681
4/2/14 9:24:01 AM,C,14.189
4/2/14 10:14:01 AM,C,17.198
4/2/14 11:04:01 AM,C,18.2
4/2/14 11:54:01 AM,C,18.701
4/2/14 12:44:01 PM,C,23.707
4/2/14 1:34:01 PM,C,21.205
4/2/14 2:24:01 PM,C,22.206
4/2/14 3:14:01 PM,C,20.203
4/2/14 4:04:01 PM,C,19.703
4/2/14 4:54:01 PM,C,24.707
4/2/14 5:44:01 PM,C,19.202
4/2/14 6:34:01 PM,C,17.699
4/2/14 7:24:01 PM,C,17.699
4/2/14 8:14:01 PM,C,15.694
4/2/14 9:04:01 PM,C,14.691
4/2/14 9:54:01 PM,C,14.189
4/2/14 10:44:01 PM,C,13.688
4/2/14 11:34:01 PM,C,12.684
4/3/14 12:24:01 AM,C,12.182
4/3/14 1:14:01 AM,C,12.182
4/3/14 2:04:01 AM,C,11.681
4/3/14 2:54:01 AM,C,11.179
4/3/14 3:44:01 AM,C,10.174
4/3/14 4:34:01 AM,C,8.667
4/3/14 5:24:01 AM,C,10.174
4/3/14 6:14:01 AM,C,10.174
4/3/14 7:04:01 AM,C,10.174
4/3/14 7:54:01 AM,C,7.662
4/3/14 8:44:01 AM,C,9.17
4/3/14 9:34:01 AM,C,14.691
4/3/14 10:24:01 AM,C,15.192
4/3/14 11:14:01 AM,C,16.195
4/3/14 12:04:01 PM,C,14.691
4/3/14 12:54:01 PM,C,19.202
4/3/14 1:44:01 PM,C,16.697
4/3/14 2:34:01 PM,C,16.697
4/3/14 3:24:01 PM,C,16.697
4/3/14 4:14:01 PM,C,15.694
4/3/14 5:04:01 PM,C,18.2
4/3/14 5:54:01 PM,C,14.691
4/3/14 6:44:01 PM,C,12.182
4/3/14 7:34:01 PM,C,10.174
4/3/14 8:24:01 PM,C,8.165
4/3/14 9:14:01 PM,C,7.16
4/3/14 10:04:01 PM,C,6.155
4/3/14 10:54:01 PM,C,5.149
4/3/14 11:44:01 PM,C,4.646
4/4/14 12:34:01 AM,C,6.155
4/4/14 1:24:01 AM,C,5.149
4/4/14 2:14:01 AM,C,3.64
4/4/14 3:04:01 AM,C,3.64
4/4/14 3:54:01 AM,C,1.627
4/4/14 4:44:01 AM,C,1.627
4/4/14 5:34:01 AM,C,1.627
4/4/14 6:24:01 AM,C,1.627
4/4/14 7:14:01 AM,C,1.627
4/4/14 8:04:01 AM,C,1.123
4/4/14 8:54:01 AM,C,2.13
4/4/14 9:44:01 AM,C,5.652
4/4/14 10:34:01 AM,C,6.155
4/4/14 11:24:01 AM,C,8.165
4/4/14 12:14:01 PM,C,10.676
4/4/14 1:04:01 PM,C,14.189
4/4/14 1:54:01 PM,C,14.189
4/4/14 2:44:01 PM,C,13.186
4/4/14 3:34:01 PM,C,14.189
4/4/14 4:24:01 PM,C,14.189
4/4/14 5:14:01 PM,C,13.688
4/4/14 6:04:01 PM,C,12.684
4/4/14 6:54:01 PM,C,11.681
4/4/14 7:44:01 PM,C,10.676
4/4/14 8:34:01 PM,C,9.672
4/4/14 9:24:01 PM,C,9.17
4/4/14 10:14:01 PM,C,8.165
4/4/14 11:04:01 PM,C,7.16
4/4/14 11:54:01 PM,C,7.662
4/5/14 12:44:01 AM,C,7.662
4/5/14 1:34:01 AM,C,8.667
4/5/14 2:24:01 AM,C,8.667
4/5/14 3:14:01 AM,C,8.667
4/5/14 4:04:01 AM,C,7.662
4/5/14 4:54:01 AM,C,6.657
4/5/14 5:44:01 AM,C,7.662
4/5/14 6:34:01 AM,C,9.17
4/5/14 7:24:01 AM,C,10.174
4/5/14 8:14:01 AM,C,9.672
4/5/14 9:04:01 AM,C,8.667
4/5/14 9:54:01 AM,C,9.672
4/5/14 10:44:01 AM,C,10.676
4/5/14 11:34:01 AM,C,11.179
4/5/14 12:24:01 PM,C,14.189
4/5/14 1:14:01 PM,C,15.192
